timestamp,open,high,low,close,volume
2018-02-09,27.5300,27.8950,26.8750,27.5700,4450245
2018-02-08,28.5300,28.6000,27.1900,27.2100,4975166
2018-02-07,28.1000,28.9000,28.1000,28.4000,2955678
2018-02-06,27.0400,28.4200,27.0000,28.2100,5040350
2018-02-05,28.6000,29.1400,27.7700,27.7700,3793874
2018-02-02,30.0500,30.0700,28.6800,28.8900,4068035
2018-02-01,29.6900,30.3500,29.6350,30.1400,4334023
2018-01-31,30.6700,30.7700,29.5300,29.7700,10726445
2018-01-30,29.7900,31.2900,29.6900,30.8300,5999907
2018-01-29,30.3300,30.6300,30.1900,30.2900,5258928
2018-01-26,30.1200,30.4300,30.0000,30.3700,2906536
2018-01-25,30.3900,30.3950,29.9200,30.0900,2957921
2018-01-24,30.4000,30.5750,30.0500,30.2400,2726856
2018-01-23,30.4900,30.5000,30.1300,30.3500,3403905
2018-01-22,30.3800,30.6500,30.3250,30.6500,2452707
2018-01-19,30.2900,30.5000,30.0400,30.4500,3226707
2018-01-18,30.6000,30.7500,30.3000,30.3700,3192786
2018-01-17,30.5400,30.7052,30.2000,30.6200,3662738
2018-01-16,30.7100,30.9500,30.2700,30.3100,2850371
2018-01-12,30.3700,30.5700,30.1000,30.5300,3729471
2018-01-11,30.1500,30.5600,30.1500,30.5000,2455140
2018-01-10,30.4400,30.6500,29.9400,30.0600,5234869
2018-01-09,29.9400,30.4500,29.8500,30.3800,3682196
2018-01-08,30.2400,30.2500,29.6700,29.8300,3084611
2018-01-05,29.9100,30.2400,29.6700,30.2200,5312888
2018-01-04,29.4900,29.9550,29.3100,29.7200,3180857
2018-01-03,29.4500,29.5200,28.2800,29.2900,3697912
2018-01-02,29.4900,29.4900,29.1600,29.4300,1970978
2017-12-29,29.4500,29.4700,29.0950,29.1600,3142217
2017-12-28,29.2300,29.4300,29.1400,29.4100,2056585
2017-12-27,29.3100,29.3600,29.1200,29.2200,3577801
2017-12-26,29.2700,29.4400,29.1900,29.2700,1269786
2017-12-22,29.3200,29.5000,29.0950,29.2500,2202591
2017-12-21,29.1000,29.4850,29.0500,29.1700,3759893
2017-12-20,29.0900,29.1300,28.7850,29.0300,2583813
2017-12-19,29.0500,29.2400,28.8150,28.8500,5261181
2017-12-18,28.8600,28.9400,28.6100,28.8000,5578623
2017-12-15,28.6600,28.7900,28.4400,28.7000,6655367
2017-12-14,28.7900,28.9400,28.4600,28.4900,6396906
2017-12-13,29.3000,29.3400,28.6300,28.6800,3540917
2017-12-12,28.8400,29.3150,28.7900,29.1600,3374402
2017-12-11,28.8400,29.0800,28.6300,28.7700,3643934
2017-12-08,28.5000,28.8300,28.4700,28.6500,3115941
2017-12-07,28.1500,28.5200,27.9500,28.3700,4484460
2017-12-06,27.8800,28.0700,27.6600,27.8900,2501858
2017-12-05,27.5700,28.2400,27.4800,27.9500,4333933
2017-12-04,27.7900,27.9400,27.4600,27.5600,3642636
2017-12-01,26.8700,27.4200,26.6250,27.2500,4299590
2017-11-30,26.9900,27.2700,26.8200,26.8600,6206547
2017-11-29,26.7500,27.0950,26.4700,26.6600,2730654
2017-11-28,26.3100,26.6500,26.2300,26.5100,2425952
2017-11-27,26.4700,26.5700,26.1700,26.2300,1792745
2017-11-24,26.4700,26.6300,26.4000,26.5200,1154526
2017-11-22,26.3700,26.6050,26.2400,26.3700,2009289
2017-11-21,26.7900,26.7900,26.1850,26.3900,2179409
2017-11-20,26.6600,26.8800,26.6200,26.6500,2688338
2017-11-17,26.4400,26.7300,26.3400,26.6700,2526213
2017-11-16,26.4050,26.7200,26.3500,26.4200,4444353
2017-11-15,25.5800,26.3750,25.5400,26.2300,4472855
2017-11-14,25.4800,25.8600,25.3500,25.8400,2758747
2017-11-13,25.3800,25.6600,25.3100,25.6500,2267202
2017-11-10,25.5500,25.7500,25.5400,25.5700,2200888
2017-11-09,25.5500,25.7400,25.3000,25.5000,2653393
2017-11-08,26.3000,26.4600,25.6200,25.7200,3851534
2017-11-07,26.8300,26.9300,26.2100,26.4600,2534951
2017-11-06,26.5800,26.9300,26.4900,26.8500,2302165
2017-11-03,26.4400,26.9100,26.3800,26.6800,3196812
2017-11-02,26.3300,26.7700,26.1400,26.5400,4143448
2017-11-01,26.2600,26.5400,26.1650,26.3500,6133193
2017-10-31,26.0100,26.4400,25.9300,26.1300,3731610
2017-10-30,26.1900,26.5500,26.0600,26.2300,3192927
2017-10-27,26.0700,26.3500,25.9000,26.2800,4397942
2017-10-26,25.9000,26.2800,25.7246,26.0200,4800013
2017-10-25,24.8600,25.8500,24.8000,25.6700,6141782
2017-10-24,24.6300,24.7400,24.4950,24.6300,3235899
2017-10-23,24.8700,24.9400,24.5950,24.6200,2443406
2017-10-20,24.8000,24.9200,24.6400,24.8900,2413126
2017-10-19,24.3600,24.5700,24.2900,24.5200,2322581
2017-10-18,24.4500,24.7200,24.3800,24.4800,2233628
2017-10-17,24.6500,24.6500,24.3700,24.4100,2397353
2017-10-16,24.1400,24.7300,24.1200,24.5500,4440746
2017-10-13,23.9700,24.2600,23.9000,24.1600,2012924
2017-10-12,24.3200,24.3300,23.9300,23.9600,4253853
2017-10-11,24.4000,24.4650,24.2600,24.3500,3617889
2017-10-10,24.5300,24.6018,24.3800,24.4800,3009940
2017-10-09,24.4800,24.6150,24.3500,24.3600,2144315
2017-10-06,24.3200,24.4800,24.2000,24.4000,3211583
2017-10-05,24.2700,24.4900,24.1350,24.2400,3244754
2017-10-04,24.5200,24.5500,24.2100,24.2600,2377427
2017-10-03,24.4200,24.5700,24.2600,24.4900,3122241
2017-10-02,24.2800,24.4300,23.9950,24.4200,4811916
2017-09-29,23.8600,24.3200,23.6600,24.2600,4314622
2017-09-28,23.9600,23.9600,23.7250,23.8900,4483713
2017-09-27,23.6500,24.0400,23.6400,23.8300,4302560
2017-09-26,23.2000,23.4000,23.1800,23.3400,4934898
2017-09-25,23.2400,23.4650,23.1500,23.2700,2716831
2017-09-22,23.0400,23.3550,22.9650,23.3200,3735051
2017-09-21,22.9800,23.1500,22.8300,23.0900,2559992
2017-09-20,22.9700,23.2000,22.6800,22.9700,2788956
2017-09-19,22.9000,23.0450,22.8000,22.9700,2093220
2017-09-18,22.6600,22.9450,22.6600,22.9000,2047150
2017-09-15,22.2100,22.5900,22.2100,22.5800,3922615
2017-09-14,22.6200,22.6300,22.2250,22.2400,3064049
2017-09-13,22.8500,22.9050,22.6050,22.6500,2801713
2017-09-12,22.6200,22.9100,22.6200,22.8700,3162961
2017-09-11,22.6100,22.7400,22.4700,22.5000,2210834
2017-09-08,22.0200,22.5900,22.0200,22.3700,3390279
2017-09-07,22.5000,22.6250,21.9800,22.0700,3327364
2017-09-06,22.4700,22.6150,22.2600,22.5600,3483789
2017-09-05,22.5300,22.6600,22.1350,22.4200,2555271
2017-09-01,22.5900,22.9950,22.5805,22.7400,2270860
2017-08-31,22.3200,22.7200,22.3200,22.6000,3011289
2017-08-30,22.1400,22.3900,22.0800,22.3600,1662478
2017-08-29,21.8900,22.1600,21.8100,22.0900,2370747
2017-08-28,22.8700,22.9500,21.9800,22.2000,4282949
2017-08-25,22.6400,22.8900,22.6400,22.7500,2859298
2017-08-24,22.5700,22.7100,22.4850,22.5700,2045499
2017-08-23,22.0100,22.6800,21.9400,22.5300,3617067
2017-08-22,22.0200,22.1000,21.8950,22.0600,2151414
2017-08-21,22.0400,22.0600,21.8500,21.9300,1534700
2017-08-18,22.0600,22.2600,21.9800,22.0300,2087804
2017-08-17,22.4900,22.7250,22.1400,22.1500,2386549
2017-08-16,22.7900,22.8950,22.5250,22.5900,1639643
2017-08-15,22.7300,22.8000,22.5900,22.6400,2075349
2017-08-14,22.2400,22.7000,22.1921,22.6000,2607368
2017-08-11,22.0200,22.1100,21.8800,22.0100,3910485
2017-08-10,22.6000,22.7300,22.1100,22.1200,3364648
2017-08-09,22.6700,22.8850,22.6100,22.7600,2092512
2017-08-08,22.8100,23.1600,22.8100,22.8700,2674970
2017-08-07,22.7100,22.9900,22.7100,22.8200,2073131
2017-08-04,22.7900,22.8950,22.6700,22.7200,2079446
2017-08-03,22.6500,22.9200,22.5700,22.6500,2646034
2017-08-02,22.7100,22.8100,22.5900,22.7800,2279615
2017-08-01,22.7900,22.8950,22.6700,22.7200,2079446
2017-07-31,22.7600,22.8000,22.4700,22.6400,3214073
2017-07-28,22.7500,22.7900,22.3150,22.6900,5119921
2017-07-27,22.3000,22.8200,22.2900,22.7800,7445515
2017-07-26,22.0200,22.0250,21.4750,21.7100,5619517
2017-07-25,22.1500,22.3200,22.0100,22.0300,4984229
2017-07-24,21.8500,22.0400,21.6100,21.8700,5044403
2017-07-21,21.4900,22.0500,21.4900,21.9300,5237810
2017-07-20,21.4100,21.6000,21.3100,21.5300,2104078
2017-07-19,21.0000,21.4800,21.0000,21.4400,3238780
2017-07-18,20.8500,20.9500,20.6900,20.8900,4236979
2017-07-17,21.1400,21.3500,20.9250,20.9600,4646871
2017-07-14,21.3100,21.6250,21.3000,21.4600,3734574
2017-07-13,21.4200,21.5900,21.3400,21.5100,3467846
2017-07-12,20.8800,21.4100,20.8650,21.3800,4056017
2017-07-11,20.8300,20.9750,20.7450,20.9000,3005826
2017-07-10,20.7800,20.8900,20.6700,20.8000,5247475
2017-07-07,20.8100,20.9100,20.6450,20.8200,5554116
2017-07-06,21.3200,21.3500,20.7800,20.7900,4423557
2017-07-05,21.3900,21.4900,21.1900,21.3100,3154824
2017-07-03,20.9400,21.4050,20.9000,21.3300,2963447
2017-06-30,21.3400,21.3400,20.6800,20.9000,6152461
2017-06-29,21.6100,21.7500,20.9800,21.2100,3926387
2017-06-28,21.1000,21.2500,21.0300,21.1900,4103299
2017-06-27,20.8500,21.1700,20.7700,20.9900,4927050
2017-06-26,20.5800,20.8500,20.4950,20.7600,2321985
2017-06-23,20.5200,20.7300,20.2900,20.5400,5207560
2017-06-22,20.0800,20.6200,20.0000,20.3900,4543948
2017-06-21,20.2400,20.3300,19.8800,20.0500,3672496
2017-06-20,20.2200,20.2200,19.9300,20.0600,3216511
2017-06-19,20.4700,20.5000,20.1500,20.2000,2806289
2017-06-16,20.5600,20.5600,20.0100,20.3700,6322745
2017-06-15,19.9500,20.6250,19.8900,20.5100,8781981
2017-06-14,19.8400,20.0800,19.4800,19.9900,4593936
2017-06-13,19.5500,20.0600,18.8600,19.9300,7249820
2017-06-12,19.7600,20.2000,19.4275,19.4900,7722963
2017-06-09,19.2500,19.8000,19.1800,19.6900,6239337
2017-06-08,19.1000,19.2100,18.9800,19.0100,3572741
2017-06-07,19.1500,19.3550,19.0600,19.0800,4495905
2017-06-06,18.7700,19.1700,18.6550,19.0300,2771948
2017-06-05,18.8600,19.0599,18.8300,18.9000,3469383
2017-06-02,18.7400,19.0771,18.5600,18.9100,4977815
2017-06-01,18.5800,18.8900,18.4800,18.8600,4020298
2017-05-31,18.7300,18.8200,18.2600,18.5400,8205587
2017-05-30,18.9900,19.0900,18.6400,18.7200,4276410
2017-05-26,19.0500,19.1600,18.9500,19.1100,2728407
2017-05-25,19.1400,19.1850,18.9300,19.1100,4302520
2017-05-24,19.0000,19.1400,18.9900,19.0600,2538392
2017-05-23,18.8900,19.1000,18.6500,18.9700,4796490
2017-05-22,18.9000,18.9800,18.7400,18.8700,3835536
2017-05-19,18.3300,18.9800,18.3300,18.7900,5196877
2017-05-18,18.1300,18.4450,18.1100,18.2900,5812419
2017-05-17,18.5000,18.6550,18.2050,18.2200,6804478
2017-05-16,19.1700,19.3700,18.9300,18.9700,3535945
2017-05-15,18.7700,19.2500,18.7000,19.1300,3608622
2017-05-12,18.7600,18.9600,18.4900,18.7100,4825264
2017-05-11,19.4300,19.4300,18.8200,18.8300,6748630
2017-05-10,19.6800,19.7500,19.5000,19.5000,2830702
2017-05-09,19.9200,19.9900,19.6650,19.7500,3367922
2017-05-08,19.7400,19.9300,19.6300,19.9100,4115868
2017-05-05,19.6800,19.7350,19.4350,19.7100,2786501
2017-05-04,19.7400,19.7600,19.3500,19.5700,3596973
2017-05-03,19.8100,19.8900,19.4500,19.6400,4502158
2017-05-02,19.7300,19.9700,19.5100,19.9400,7214777
2017-05-01,19.8200,19.9350,19.5100,19.7600,3054921
2017-04-28,19.9600,20.1900,19.7000,19.8000,5095080
2017-04-27,20.7500,21.1700,20.0700,20.1600,7503068
2017-04-26,20.5600,21.2600,20.4400,21.1300,8861271
2017-04-25,20.6000,20.7100,20.4900,20.7000,4121785
2017-04-24,20.3500,20.6050,20.2600,20.4700,4962422
2017-04-21,19.9100,20.1100,19.8450,19.9300,5383831
2017-04-20,19.5600,20.1050,19.5600,19.9800,6044298
2017-04-19,19.4400,19.5900,19.2900,19.3800,3447811
2017-04-18,19.3200,19.4700,19.0000,19.2400,4691543
2017-04-17,19.1800,19.4400,19.1500,19.4000,5940007
2017-04-13,19.4800,19.7600,19.1400,19.1700,5246656
2017-04-12,19.6800,19.7200,19.3900,19.5800,4315537
2017-04-11,19.4800,19.7100,19.4100,19.7000,3972852
2017-04-10,19.4600,19.7700,19.3800,19.5800,3280762
2017-04-07,19.4000,19.7100,19.3500,19.5800,4404938
2017-04-06,19.0700,19.7100,18.9300,19.6000,5912024
2017-04-05,19.6800,19.7700,19.0100,19.0800,7134302
2017-04-04,19.8400,20.0700,19.3900,19.5000,8379941
2017-04-03,20.4400,20.4700,19.7300,19.9800,7615101
2017-03-31,20.4000,20.4700,20.3300,20.3300,4230108
2017-03-30,20.1100,20.6100,20.0500,20.5100,4831640
2017-03-29,19.8600,20.2500,19.8400,20.1100,5455341
2017-03-28,19.4300,20.0300,19.3500,19.8400,8355990
2017-03-27,19.5800,19.7700,19.4200,19.5100,7691052
2017-03-24,20.1800,20.3200,19.8600,19.9600,7903202
2017-03-23,20.3200,20.4100,20.1200,20.1500,10459578
2017-03-22,20.2600,20.6000,20.1300,20.3900,4974664
2017-03-21,21.2800,21.4500,20.4000,20.5100,11222563
2017-03-20,21.1600,21.2250,20.8000,21.1200,10583503
2017-03-17,21.6000,21.6000,20.5600,21.1500,13800291
2017-03-16,21.8200,21.8750,21.4900,21.5900,7826193
2017-03-15,21.8400,21.9450,21.6350,21.6800,4179883
2017-03-14,21.8100,21.8550,21.3700,21.6900,5620205
2017-03-13,21.9600,22.0600,21.8500,21.9800,2556933
2017-03-10,21.9400,22.0700,21.8250,21.9800,2098150
2017-03-09,21.7700,22.0425,21.6300,21.7900,3408977
2017-03-08,22.0000,22.1000,21.7200,21.7400,3858465
2017-03-07,22.1300,22.1800,21.8400,21.8500,3506252
2017-03-06,22.3900,22.3900,21.9600,22.0800,3022439
2017-03-03,22.4600,22.5600,22.3500,22.4800,3536079
2017-03-02,22.8200,22.8800,22.4800,22.5000,2104679
2017-03-01,22.8700,22.9450,22.7150,22.8700,5441691
2017-02-28,22.7100,22.7500,22.2900,22.4900,5443953
2017-02-27,22.6300,23.0550,22.6100,23.0400,3786145
2017-02-24,22.8000,22.9850,22.6800,22.7700,3543285
2017-02-23,23.2300,23.2700,22.9800,23.1200,2179855
2017-02-22,23.0800,23.2350,22.9000,23.1600,4559784
2017-02-21,23.2800,23.4000,23.1100,23.1800,2265047
2017-02-17,23.0800,23.2300,22.9300,23.2100,2557269
2017-02-16,23.4700,23.6200,23.1500,23.2200,2276819
2017-02-15,23.4200,23.5800,23.3300,23.4800,4288889
2017-02-14,22.9000,23.4050,22.8400,23.3200,4011338
2017-02-13,22.8200,23.0500,22.7800,22.9500,4685469
2017-02-10,22.8300,22.8799,22.6800,22.7900,4927207
2017-02-09,22.5600,22.8700,22.5100,22.7400,5461763
2017-02-08,22.7000,22.7600,22.4700,22.5500,6121538
2017-02-07,22.7500,22.8100,22.6400,22.8000,7413231
2017-02-06,22.5300,22.8200,22.2800,22.6500,6931836
2017-02-03,22.2400,22.7200,22.0500,22.7100,8585654
2017-02-02,21.4100,22.2100,21.3800,22.1400,9084291
2017-02-01,21.3500,21.7650,21.1900,21.6000,12379772
2017-01-31,20.5100,21.1400,20.1400,21.1200,16446141
2017-01-30,19.4800,19.7300,19.2800,19.6900,4560351
2017-01-27,19.7700,19.8100,19.5900,19.7100,3069617
2017-01-26,19.6200,19.8400,19.5800,19.8100,5782893
2017-01-25,19.5000,19.6700,19.3100,19.6100,6046733
2017-01-24,19.2200,19.5200,19.1400,19.3300,6072335
2017-01-23,19.2100,19.4000,19.0950,19.1300,3596183
2017-01-20,19.3800,19.4800,19.2400,19.2700,4489658
2017-01-19,19.5000,19.5650,19.2200,19.3200,2977526
2017-01-18,19.4100,19.4800,19.2300,19.4400,3877880
2017-01-17,19.8300,19.9000,19.2600,19.3600,5874609
2017-01-13,20.2400,20.4900,19.9300,19.9300,4206433
2017-01-12,19.9600,20.1800,19.7700,20.1500,3855915
2017-01-11,20.1400,20.1700,19.8700,20.1300,2992122
2017-01-10,19.8000,20.2400,19.7850,20.0400,4897410
2017-01-09,19.8800,19.9400,19.5200,19.7500,2341618
2017-01-06,19.7400,20.0100,19.6450,19.8900,2949696
2017-01-05,19.6000,19.8500,19.4750,19.7200,5211160
2017-01-04,19.3200,19.7600,19.2900,19.7000,5121758
2017-01-03,19.1700,19.4236,19.0500,19.2300,5328684
2016-12-30,19.2100,19.3150,18.9250,19.0200,4423089
2016-12-29,19.4500,19.5450,19.1800,19.2000,2603512
2016-12-28,19.9000,19.9000,19.4100,19.4400,3541695
2016-12-27,19.7400,19.9000,19.6400,19.8500,2718945
2016-12-23,19.5800,19.7100,19.4500,19.7100,2390178
2016-12-22,19.6600,19.6600,19.4800,19.5400,3658212
2016-12-21,19.7500,19.8100,19.6650,19.7400,2980867
2016-12-20,19.7700,19.8900,19.6000,19.8000,6638799
2016-12-19,19.8900,19.9950,19.5625,19.6700,5296181
2016-12-16,19.9400,20.0800,19.8000,19.9100,6645814
2016-12-15,19.7600,20.0600,19.7000,19.8900,4253932
2016-12-14,19.8200,19.9100,19.5600,19.6700,4566666
2016-12-13,20.1500,20.2100,19.7700,19.9000,3922415
2016-12-12,20.2900,20.3850,19.7950,20.0400,5176077
2016-12-09,20.3600,20.6000,20.2600,20.4000,5582257
2016-12-08,19.9300,20.3800,19.8500,20.3200,6970753
2016-12-07,19.6000,19.9050,19.2100,19.8500,10332530
2016-12-06,19.7600,19.8375,19.5200,19.6300,8493077
2016-12-05,19.7800,19.9200,19.7000,19.7100,4065487
2016-12-02,19.6900,19.7900,19.4800,19.5700,3211164
2016-12-01,19.5700,20.0200,19.4900,19.7000,3881194
2016-11-30,19.4900,19.7600,19.3100,19.4200,4933652
2016-11-29,19.4800,19.6100,19.2500,19.2700,4062717
2016-11-28,19.7000,19.8500,19.4500,19.4900,3087596
2016-11-25,19.9300,19.9900,19.7500,19.7800,1955586
2016-11-23,19.7300,19.9700,19.6300,19.9500,3235441
2016-11-22,19.5300,19.7500,19.4700,19.6500,3652911
2016-11-21,19.5000,19.6100,19.3900,19.4700,8337224
2016-11-18,19.2800,19.4800,19.1100,19.4100,5575281
2016-11-17,18.8600,19.2900,18.7300,19.2700,5168816
2016-11-16,19.0400,19.1700,18.9250,18.9600,3488589
2016-11-15,19.3300,19.3300,18.8000,19.2100,6886053
2016-11-14,18.5400,19.0700,18.4700,19.0300,7445472
2016-11-11,17.9900,18.4000,17.8300,18.3600,3775435
2016-11-10,17.6800,18.3000,17.6500,18.1200,11203680
2016-11-09,16.9900,17.5500,16.6800,17.3400,11859276
2016-11-08,17.0500,17.4300,16.7100,16.8400,12839867
2016-11-07,17.5100,17.6100,17.3800,17.4900,6179213
2016-11-04,17.3900,17.5500,17.0900,17.1600,9725900
2016-11-03,17.6900,17.8300,17.3800,17.4200,6436243
2016-11-02,17.6900,17.8500,17.5500,17.6400,6082947
2016-11-01,18.2100,18.3100,17.2050,17.7600,13604106
2016-10-31,18.4600,18.4700,17.9600,18.0700,6084665
2016-10-28,18.6500,18.7100,18.2300,18.3700,4677801
2016-10-27,18.8000,18.8600,18.6000,18.6800,5602733
2016-10-26,18.9000,19.1200,18.4650,18.8100,13177576
2016-10-25,19.4600,19.6000,19.3400,19.5500,4770259
2016-10-24,19.4600,19.6650,19.4300,19.4900,2608855
2016-10-21,19.2200,19.5100,19.1640,19.3600,5489380
2016-10-20,19.4700,19.7900,19.3800,19.3800,3529988
2016-10-19,19.3900,19.6100,19.3900,19.4700,3597241
2016-10-18,19.5400,19.5500,19.3200,19.3800,2062746
2016-10-17,19.2700,19.4600,19.2700,19.3300,1687799
2016-10-14,19.5500,19.6600,19.2400,19.3000,2100997
2016-10-13,19.3600,19.4400,19.1300,19.2300,2054044
2016-10-12,19.6200,19.7700,19.4800,19.5500,3607602
2016-10-11,19.8100,19.8500,19.5700,19.6500,2502389
2016-10-10,19.8700,19.9900,19.8400,19.9000,1467018
2016-10-07,19.8800,20.0100,19.6750,19.7600,1821869
2016-10-06,19.9300,19.9700,19.7300,19.8500,2394494
2016-10-05,19.8700,20.0800,19.8350,19.9800,6542192
2016-10-04,19.7700,19.9650,19.6800,19.7500,3278942
2016-10-03,19.4000,19.7250,19.2800,19.6700,3166976
2016-09-30,19.4700,19.5200,19.1400,19.4700,3146811
2016-09-29,19.4000,19.5900,19.0900,19.2400,3607121
2016-09-28,19.2900,19.4100,19.1200,19.3800,1881455
2016-09-27,18.7700,19.1600,18.7620,19.1500,2431470
2016-09-26,18.9400,18.9800,18.7300,18.8400,1908947
2016-09-23,19.3100,19.5800,19.0700,19.0800,3455962
2016-09-22,19.3300,19.3750,19.1750,19.3400,4705692
2016-09-21,19.2500,19.2600,18.8900,19.2000,5010266
2016-09-20,19.2900,19.3500,18.9300,19.1300,3919591
2016-09-19,19.2800,19.3300,19.0200,19.1800,3081500
2016-09-16,19.3700,19.4800,19.1000,19.2000,6359675
2016-09-15,19.4000,19.6500,19.3700,19.5000,3611607
2016-09-14,19.3800,19.4800,19.1700,19.4000,3283706
2016-09-13,19.5200,19.6500,19.2350,19.3400,4211590
2016-09-12,19.1800,19.8100,19.0800,19.7300,3024423
2016-09-09,19.8700,19.9800,19.3000,19.3200,3406891
2016-09-08,20.0600,20.1100,19.8500,19.8900,2887759
2016-09-07,19.7600,20.0700,19.6800,20.0200,2426477
2016-09-06,19.8400,19.8400,19.6300,19.7900,1892300
2016-09-02,19.7100,19.8700,19.5500,19.8200,2065248
2016-09-01,20.0600,20.1400,19.4400,19.5800,3760965
2016-08-31,19.9900,20.1000,19.7350,20.0400,3137684
2016-08-30,19.8500,19.9900,19.7700,19.9900,3494587
2016-08-29,19.7100,19.9050,19.7100,19.8200,2665096
2016-08-26,19.8400,19.9600,19.6402,19.7100,2773717
2016-08-25,19.5900,19.7700,19.5300,19.7400,2122830
2016-08-24,19.6300,19.7000,19.5400,19.5900,3046063
2016-08-23,19.6300,19.7550,19.5400,19.5700,2534370
2016-08-22,19.4100,19.5000,19.3000,19.5000,2605086
2016-08-19,19.3800,19.4800,19.2600,19.4600,1500356
2016-08-18,19.4000,19.4600,19.3200,19.4400,1847297
2016-08-17,19.4400,19.6600,19.2700,19.4000,3434854
2016-08-16,19.2600,19.5350,19.1100,19.5000,4075272
2016-08-15,19.0000,19.3600,18.9900,19.2800,3675387
2016-08-12,18.7700,19.0800,18.7500,18.9700,3427824
2016-08-11,18.6900,19.0500,18.6500,18.8800,2867905
2016-08-10,18.6600,18.8450,18.5400,18.6500,2560611
2016-08-09,18.6400,18.7300,18.3400,18.6600,2909681
2016-08-08,18.7700,18.9500,18.5900,18.6100,2997925
2016-08-05,18.5400,18.6700,18.4300,18.6500,2750186
2016-08-04,18.0200,18.3300,17.9400,18.3000,3169446
2016-08-03,17.6100,18.0000,17.5900,18.0000,2430956
2016-08-02,17.7000,17.8600,17.4600,17.6500,3164320
2016-08-01,18.0700,18.0900,17.6300,17.6400,2563987
2016-07-29,17.8500,18.0700,17.7700,18.0400,3711369
2016-07-28,17.4800,17.9000,17.2400,17.8800,4143797
2016-07-27,18.0100,18.0500,17.4600,17.6700,4954003
2016-07-26,17.1600,18.2100,17.1300,17.8500,6443678
2016-07-25,17.2200,17.7100,17.0801,17.6300,3546350
2016-07-22,17.5100,17.6500,17.3500,17.4300,3417311
2016-07-21,17.4600,17.5900,17.4000,17.5200,2100035
2016-07-20,17.4100,17.5500,17.2000,17.4100,1876051
2016-07-19,17.5300,17.5600,17.3000,17.3700,1778445
2016-07-18,17.3700,17.5000,17.2600,17.4700,1398268
2016-07-15,17.3100,17.4000,17.0400,17.2800,1669272
2016-07-14,17.3900,17.4700,17.0800,17.1800,2534226
2016-07-13,17.2000,17.2350,16.8500,17.1200,1974691
2016-07-12,16.9500,17.2200,16.9500,17.1700,2723177
2016-07-11,16.7500,17.0850,16.5800,16.7400,2981444
2016-07-08,16.1600,16.7500,16.0800,16.6300,5631738
2016-07-07,15.7600,16.1900,15.7600,15.9100,4556842
2016-07-06,15.6500,15.8500,15.3699,15.7300,2982553
2016-07-05,16.5500,16.5500,15.5400,15.7700,5341534
2016-07-01,17.0500,17.2400,16.6900,16.7000,3300901
2016-06-30,16.5200,17.1050,16.2100,17.0700,12997005
2016-06-29,15.3600,15.9500,15.2700,15.9400,5156351
2016-06-28,15.2100,15.3700,14.8900,15.2800,5868993
2016-06-27,15.6300,15.6300,14.8400,14.9000,9749835
2016-06-24,15.7900,16.3100,15.7601,15.8300,6414129
2016-06-23,16.4200,16.8200,16.3750,16.8200,3132711
2016-06-22,16.3100,16.4000,16.1600,16.2600,1873376
2016-06-21,16.6300,16.6700,16.1000,16.3600,3341323
2016-06-20,16.6800,16.9450,16.5500,16.6300,3458735
2016-06-17,16.4600,16.7100,16.3200,16.3800,4593026
2016-06-16,16.3300,16.4400,15.9600,16.4100,4310255
2016-06-15,16.1000,16.7400,15.9200,16.4100,9171617
2016-06-14,16.9300,17.1200,15.8800,16.0800,7950802
2016-06-13,17.4500,17.4500,16.9600,17.0300,4252842
2016-06-10,17.6000,17.8000,17.4900,17.5400,2911607
2016-06-09,17.9600,17.9700,17.5350,17.8200,2933129
2016-06-08,18.2800,18.2900,17.7800,18.1300,3885746
2016-06-07,18.1800,18.4750,18.0900,18.2600,3244862
2016-06-06,17.8200,18.1800,17.7500,18.1400,3619817
2016-06-03,18.2700,18.2700,17.3900,17.6900,4596710
2016-06-02,18.0400,18.5700,18.0000,18.5100,4384481
2016-06-01,17.7600,18.2500,17.6800,18.1800,3922409
2016-05-31,17.8200,17.9900,17.7600,17.9400,3521714
2016-05-27,17.7300,17.9100,17.6400,17.7800,2261984
2016-05-26,17.5600,18.0000,17.5000,17.7100,4194621
2016-05-25,17.2000,17.5600,17.1600,17.5100,5109138
2016-05-24,16.7200,17.1100,16.5200,17.0900,2628964
2016-05-23,16.6900,16.8300,16.5600,16.6300,2578906
2016-05-20,16.6800,16.9000,16.5800,16.7400,1860873
2016-05-19,16.8000,17.0300,16.5200,16.6700,2530765
2016-05-18,16.8500,17.2500,16.7750,16.9100,3622045
2016-05-17,16.8000,17.1900,16.7500,16.9000,3148047
2016-05-16,16.8000,17.0150,16.7600,16.8000,4328820
2016-05-13,16.8600,17.0800,16.7350,16.7400,2427696
2016-05-12,17.1400,17.2150,16.7450,16.8500,3602436
2016-05-11,17.1200,17.2500,16.8500,17.0200,3679868
2016-05-10,17.0600,17.3200,16.9600,17.3100,2958506
2016-05-09,17.0800,17.2600,16.9200,17.0000,4206484
2016-05-06,16.8400,17.2000,16.8400,17.1600,2799462
2016-05-05,17.0600,17.2200,16.8200,16.9700,3760562
2016-05-04,17.0000,17.2050,16.5300,16.9100,6603160
2016-05-03,17.4600,17.4700,17.0300,17.0800,10846968
2016-05-02,17.8900,18.0300,17.6600,17.8100,2552278
2016-04-29,17.8200,17.9200,17.6600,17.8100,3542993
2016-04-28,17.7700,18.0700,17.6500,17.7900,5669681
2016-04-27,18.3200,18.3800,17.7500,17.8600,5595413
2016-04-26,18.3200,18.7400,18.0300,18.4700,4247315
2016-04-25,18.3400,18.5700,18.1600,18.4800,3028409
2016-04-22,18.2600,18.5700,18.1300,18.5100,3255148
2016-04-21,18.4200,18.6600,18.2400,18.2900,2407701
2016-04-20,18.0200,18.4050,17.9700,18.3500,2989979
2016-04-19,17.6500,17.9900,17.6100,17.9900,3232447
2016-04-18,17.3700,17.6900,17.3000,17.6400,1770640
2016-04-15,17.5200,17.7500,17.4300,17.5100,2359996
2016-04-14,17.6500,17.8000,17.4150,17.5000,2056842
2016-04-13,17.2700,17.8900,17.2100,17.7400,2732400
2016-04-12,17.1800,17.2700,16.9800,17.2100,3872636
2016-04-11,17.1100,17.6000,17.0500,17.2000,3571966
2016-04-08,17.2000,17.2800,16.9300,16.9600,4081148
2016-04-07,17.3600,17.6200,17.2400,17.3200,5133533
2016-04-06,17.4800,17.7100,17.2600,17.4400,4047143
2016-04-05,18.0700,18.1200,17.5000,17.5000,4071856
2016-04-04,18.6200,18.6400,17.9800,18.1900,2424295
2016-04-01,18.5700,18.7600,18.3100,18.6600,1779169
2016-03-31,18.2400,18.7500,18.1800,18.7200,5317127
2016-03-30,18.2000,18.3350,18.0630,18.2300,2086909
2016-03-29,18.1000,18.1900,17.8500,18.0800,3556044
2016-03-28,18.3500,18.3700,18.1500,18.2100,1849376
2016-03-24,17.9900,18.3700,17.9900,18.3400,1425727
2016-03-23,18.3400,18.5600,17.9250,18.1600,2952147
2016-03-22,18.4400,18.8500,18.3000,18.3700,3116564
2016-03-21,18.4400,18.7000,18.3400,18.5200,1840929
2016-03-18,18.4100,18.7100,18.2400,18.4800,4215377
2016-03-17,17.8100,18.5699,17.7500,18.3000,3681820
2016-03-16,17.5700,17.8800,17.2000,17.7900,4346066
2016-03-15,17.9500,17.9700,17.5100,17.7200,4283052
2016-03-14,18.2600,18.4700,17.9000,18.1200,2498304
2016-03-11,18.2200,18.9800,18.2000,18.2600,4780776
2016-03-10,18.0900,18.2500,17.5650,18.0000,3436882
2016-03-09,18.1000,18.2550,17.5700,18.0000,5192859
2016-03-08,18.7600,18.7600,17.9800,17.9900,4471060
2016-03-07,18.5700,18.8900,18.4400,18.8800,3854368
2016-03-04,18.6600,18.8500,18.4420,18.6600,3534952
2016-03-03,18.1200,18.5800,17.9800,18.5600,4307935
2016-03-02,17.9000,18.1100,17.7900,18.1100,3794316
2016-03-01,17.6600,17.8900,17.4400,17.8700,2220478
2016-02-29,17.5900,17.8500,17.3700,17.5800,4078123
2016-02-26,17.4900,17.7900,17.3000,17.5600,3248243
2016-02-25,17.2500,17.5000,16.9900,17.3700,2375910
2016-02-24,16.9300,17.2800,16.4500,17.1800,3501450
2016-02-23,17.4800,17.7200,17.0200,17.1100,2398602
2016-02-22,17.1000,17.5700,17.1000,17.5400,3092449
2016-02-19,16.9900,17.0700,16.5800,16.9000,2561137
2016-02-18,17.0900,17.3100,16.6400,17.1600,4215166
2016-02-17,17.1700,17.4400,17.0000,17.0700,7234518
2016-02-16,16.5700,17.0700,16.4350,17.0100,3612452
2016-02-12,16.1500,16.3600,15.9100,16.3400,5802282
2016-02-11,15.8700,16.2700,15.5400,15.9000,6588279
2016-02-10,16.2900,17.0890,16.1500,16.7500,6296523
2016-02-09,16.2700,16.5600,15.8700,16.2000,7552635
2016-02-08,16.7900,16.8150,16.3000,16.4500,7336054
2016-02-05,17.0800,17.2650,16.7500,17.0100,4849309
2016-02-04,17.0300,17.5700,16.8400,17.1700,6358085
2016-02-03,16.1200,17.2000,15.8600,17.0800,8840963
2016-02-02,16.1800,16.6700,15.5700,16.0900,9630432
2016-02-01,15.8300,16.1700,15.5050,16.0500,5888397
2016-01-29,15.4300,15.8500,15.3600,15.8500,4195590
2016-01-28,16.0300,16.1500,14.9500,15.3500,9033615
2016-01-27,15.5400,16.1800,15.2900,15.9200,7609129
2016-01-26,15.4000,15.6500,15.3500,15.6500,2249675
2016-01-25,15.5800,15.6400,15.2850,15.3300,4519592
2016-01-22,16.0900,16.3200,15.4900,15.7300,5216040
2016-01-21,15.6600,15.9500,15.6400,15.7700,4312827
2016-01-20,15.3700,15.8000,14.5500,15.6800,6695264
2016-01-19,16.1700,16.1800,15.5000,15.6900,4613795
2016-01-15,15.8200,16.0700,15.6000,15.9900,6607777
2016-01-14,15.9300,16.3800,15.6500,16.3200,4407026
2016-01-13,16.5500,16.8700,15.7300,15.9000,8385092
2016-01-12,16.9400,17.0700,15.9600,16.2800,6724091
2016-01-11,16.9100,16.9950,16.5800,16.8000,4829473
2016-01-08,17.5300,17.6000,16.8000,16.8800,5316053
2016-01-07,18.0200,18.1000,17.3400,17.4100,6885632
2016-01-06,18.3200,18.5400,18.2000,18.3200,5998336
2016-01-05,18.6800,18.9900,18.3400,18.6200,5501334
2016-01-04,18.3600,18.7400,18.3300,18.6500,3573513
2015-12-31,18.5900,18.8700,18.5650,18.6400,2333681
2015-12-30,18.7900,18.9350,18.6000,18.6400,1648210
2015-12-29,18.8400,19.0300,18.7750,18.8600,2191030
2015-12-28,19.1500,19.2300,18.4700,18.7400,4429958
2015-12-24,19.2300,19.3000,19.1200,19.2500,656949
2015-12-23,18.6900,19.2500,18.5600,19.2300,3253129
2015-12-22,18.3800,18.7300,18.2800,18.6000,2293591
2015-12-21,18.6200,18.9700,18.2800,18.3300,2521279
2015-12-18,18.4300,18.5950,18.3200,18.4000,5218401
2015-12-17,18.6100,18.6250,18.2800,18.4300,6777713
2015-12-16,18.6900,18.7900,18.3700,18.5600,4362803
2015-12-15,18.5600,18.8000,18.3700,18.6300,6125414
2015-12-14,19.2300,19.2800,18.1900,18.4700,6166470
2015-12-11,19.5000,19.5800,19.0100,19.2300,7932905
2015-12-10,20.0100,20.0100,19.5700,19.6800,3504884
2015-12-09,19.6500,19.9700,19.6100,19.6900,4010544
2015-12-08,19.4900,20.0800,19.2900,19.6700,4629155
2015-12-07,19.7300,19.8800,19.6200,19.6900,4526594
2015-12-04,19.9700,19.9900,19.7200,19.8200,4351788
2015-12-03,19.9600,20.0600,19.7200,19.9800,4514465
2015-12-02,20.1400,20.2000,19.7350,19.8400,3751235
2015-12-01,20.0800,20.3400,19.8600,20.1700,3012797
2015-11-30,19.7300,20.0500,19.7000,19.9600,3102752
2015-11-27,19.9600,19.9600,19.6700,19.7600,962879
2015-11-25,19.8200,20.0800,19.7400,20.0200,1530915
2015-11-24,19.8000,19.9900,19.7000,19.8000,3204597
2015-11-23,20.0200,20.1100,19.8000,19.8700,6336829
2015-11-20,19.4200,20.1000,19.4200,20.0700,6364644
2015-11-19,19.6000,19.9100,19.1300,19.3600,3944134
2015-11-18,19.6400,20.0300,19.1000,19.5900,5383447
2015-11-17,20.2800,20.6800,19.5600,19.5900,4871359
2015-11-16,19.9700,20.2900,19.8800,20.2700,3217118
2015-11-13,20.1800,20.4400,20.0000,20.0000,3608256
2015-11-12,20.1600,20.6050,19.9400,20.2700,9717462
2015-11-11,19.9400,20.1800,19.7400,19.8000,3204956
2015-11-10,19.7300,19.9300,19.5400,19.9100,3657340
2015-11-09,20.0600,20.1600,19.5900,19.8000,3906591
2015-11-06,20.0000,20.1400,19.9100,20.1000,3488418
2015-11-05,20.3400,20.4800,19.6900,19.8900,4266863
2015-11-04,20.3000,20.6700,20.2000,20.3800,5511618
2015-11-03,19.8600,20.3700,19.8400,20.2500,4609831
2015-11-02,19.9000,20.0900,19.7000,19.9500,3569982
2015-10-30,19.8900,20.0900,19.5000,19.9200,6673077
2015-10-29,20.6100,21.0300,19.3700,19.8500,9122513
2015-10-28,19.9400,20.7300,19.8600,20.7000,5846617
2015-10-27,20.2400,20.2900,19.7900,19.9400,3499521
2015-10-26,19.9900,20.3800,19.9000,20.3200,2333443
2015-10-23,20.1000,20.2300,19.7050,19.9900,5808919
2015-10-22,20.2900,20.5400,19.8600,19.9300,2784638
2015-10-21,20.3700,20.5200,20.1000,20.2100,1549204
2015-10-20,20.2800,20.4900,20.1900,20.3000,2044758
2015-10-19,20.4200,20.6500,20.2300,20.2900,3267118
2015-10-16,20.7500,20.8600,20.4350,20.5000,5472951
2015-10-15,20.6300,20.6900,20.3800,20.6900,2076072
2015-10-14,20.6200,20.9000,20.4900,20.5400,2214268
2015-10-13,20.4000,20.7000,20.2400,20.6300,2909590
2015-10-12,20.7000,20.7400,20.3950,20.5000,1620258
2015-10-09,21.0300,21.2100,20.5100,20.6700,2559562
2015-10-08,20.7800,21.1000,20.6700,21.0200,3765097
2015-10-07,20.6900,20.8600,20.5000,20.8000,3108623
2015-10-06,20.4800,20.7799,20.3800,20.6300,4188245
2015-10-05,20.4100,20.6900,20.3600,20.4600,2832843
2015-10-02,19.8600,20.3000,19.5800,20.2900,2828158
2015-10-01,20.4100,20.7500,20.2400,20.3000,3590044
2015-09-30,20.0800,20.3900,19.8800,20.3800,3288251
2015-09-29,20.0700,20.2400,19.7700,19.9300,2777338
2015-09-28,20.6500,20.8000,19.9900,20.0500,3573009
2015-09-25,21.0200,21.0900,20.6800,20.7800,2724098
2015-09-24,20.7900,20.8500,20.4700,20.7800,1872425
2015-09-23,20.8400,20.9500,20.7000,20.9000,1837067
2015-09-22,21.1100,21.1200,20.6900,20.8600,2305986
2015-09-21,21.2000,21.5500,21.1500,21.3600,2594420
2015-09-18,21.2400,21.3200,20.9900,21.0800,4421158
2015-09-17,21.3800,21.7450,21.2600,21.4400,3794876
2015-09-16,21.3400,21.4800,21.2300,21.4000,3034348
2015-09-15,20.9300,21.1199,20.8300,21.0500,2768320
2015-09-14,20.8600,20.9500,20.7300,20.8500,1668542
2015-09-11,20.9400,21.0600,20.7400,20.8700,1352597
2015-09-10,21.0000,21.1690,20.8427,21.0100,2491523
2015-09-09,21.2000,21.4200,20.9800,21.0300,2853945
2015-09-08,20.9200,21.1300,20.6200,20.9600,3178289
2015-09-04,20.9700,21.0500,20.4700,20.5800,2467069
2015-09-03,21.1900,21.4200,20.9900,21.1900,2277614
2015-09-02,21.0300,21.1500,20.5210,21.0800,3607560
2015-09-01,21.5800,21.6600,20.7600,20.9200,4383432
2015-08-31,21.9100,22.0300,21.6700,21.8600,2697211
2015-08-28,21.7000,22.0000,21.6040,21.9400,2598559
2015-08-27,21.3300,21.9800,21.2700,21.7900,3601437
2015-08-26,21.1200,21.1700,20.6200,21.0800,4220508
2015-08-25,21.4700,21.4700,20.7100,20.7900,5600034
2015-08-24,20.6600,21.2500,19.8400,20.8400,8023191
2015-08-21,21.1800,21.6400,21.1520,21.3900,4697964
2015-08-20,21.5800,21.7950,21.4000,21.4500,2974311
2015-08-19,21.7000,21.8900,21.2200,21.8100,2210878
2015-08-18,21.7600,21.9780,21.6100,21.7400,1617983
2015-08-17,21.7400,21.9780,21.6300,21.8000,2448279
2015-08-14,21.7000,21.7825,21.4220,21.7100,2121358
2015-08-13,21.8200,22.0000,21.6700,21.7000,1840849
2015-08-12,21.7400,21.9100,21.5200,21.8100,3430340
2015-08-11,22.4000,22.4400,21.8800,21.9200,2511881
2015-08-10,22.1000,22.8000,22.1000,22.6400,2625565
2015-08-07,22.1400,22.2100,21.6400,21.9800,3882179
2015-08-06,22.4900,22.6300,22.1100,22.1900,2640851
2015-08-05,23.1800,23.2200,22.3200,22.3500,3817567
2015-08-04,23.0600,23.2400,22.8200,22.9800,3849724
2015-08-03,22.7700,23.0000,22.5600,22.8600,4639215
2015-07-31,22.9800,23.0100,22.7000,22.7700,3597145
2015-07-30,22.9000,23.1000,22.7400,22.9900,3083621
2015-07-29,22.6400,23.1700,22.5400,22.9800,7079685
2015-07-28,21.8000,22.6825,21.8000,22.4700,9797982
2015-07-27,21.6700,21.8400,21.3700,21.5500,3762975
2015-07-24,22.1400,22.3700,21.8500,21.8500,2658178
2015-07-23,22.6700,22.8300,22.2900,22.3800,1906287
2015-07-22,22.4000,22.8100,22.3200,22.6700,3479186
2015-07-21,22.3200,22.6250,22.3200,22.5000,1464536
2015-07-20,22.4700,22.5800,22.2750,22.3900,2357620
2015-07-17,22.4200,22.4700,22.2700,22.4200,1723823
2015-07-16,22.5600,22.7300,22.2800,22.4000,2442720
2015-07-15,22.5300,22.6800,22.3000,22.4400,2538025
2015-07-14,22.4200,22.6599,22.4100,22.5000,2139591
2015-07-13,22.2900,22.5000,22.1800,22.4500,6460718
2015-07-10,22.1000,22.3300,21.9200,22.1800,4538760
2015-07-09,22.3200,22.3500,21.8800,21.8800,5098583
2015-07-08,22.4800,22.6000,21.9000,22.0600,4543584
2015-07-07,22.4900,22.7500,22.1200,22.7200,4533890
2015-07-06,22.5100,22.5500,22.3000,22.4600,3243470
2015-07-02,22.8700,22.9600,22.6600,22.7300,2415850
2015-07-01,22.6100,22.9300,22.5000,22.8800,5959536
2015-06-30,22.7400,22.7900,22.3800,22.4300,4791998
2015-06-29,23.1000,23.1200,22.4300,22.5100,4983157
2015-06-26,23.5500,23.6500,23.2800,23.3400,15426006
2015-06-25,23.4800,23.5300,23.2400,23.4900,3382044
2015-06-24,23.5500,23.7950,23.4500,23.4500,3333641
2015-06-23,23.7100,23.8300,23.5100,23.5800,3676223
2015-06-22,23.5100,23.7000,23.4600,23.6600,2484785
2015-06-19,23.2900,23.4800,23.1500,23.4400,3636611
2015-06-18,23.1800,23.4500,23.0800,23.3000,2566536
2015-06-17,23.0300,23.2985,22.9200,23.1800,4257528
2015-06-16,23.1100,23.2500,22.7750,23.0200,4385238
2015-06-15,22.7300,22.9550,22.5400,22.8500,3178668
2015-06-12,22.8200,22.8900,22.7200,22.8100,1858646
2015-06-11,22.7400,22.9800,22.7150,22.8500,3680502
2015-06-10,22.7300,22.7700,22.5400,22.7300,3837791
2015-06-09,22.3800,22.7600,22.1700,22.6100,5386073
2015-06-08,22.7100,22.8000,22.4700,22.5600,3936434
2015-06-05,22.5600,22.7200,22.4200,22.7200,1608388
2015-06-04,22.5100,22.6100,22.3600,22.5200,2237347
2015-06-03,22.6400,22.9400,22.6200,22.6800,2927948
2015-06-02,22.7100,22.8800,22.5000,22.6300,2395777
2015-06-01,22.6800,22.8450,22.5200,22.7600,2392025
2015-05-29,22.8200,22.9000,22.6200,22.6700,4074847
2015-05-28,22.6100,22.7800,22.4500,22.7500,3018895
2015-05-27,22.4900,22.8400,22.4400,22.6800,3017644
2015-05-26,22.5100,22.5900,22.2800,22.4600,3391849
2015-05-22,22.7200,22.7500,22.4900,22.6300,3422574
2015-05-21,22.6500,22.8300,22.5000,22.6800,3060768
2015-05-20,22.3000,22.7200,22.1600,22.6200,3835280
2015-05-19,22.3400,22.6000,22.1200,22.2500,3880659
2015-05-18,21.9300,22.4100,21.8200,22.3400,1904054
2015-05-15,22.0400,22.1600,21.7600,21.9800,2731982
2015-05-14,22.3300,22.3900,21.9500,22.0500,2493960
2015-05-13,22.3800,22.3800,22.0600,22.1700,2215055
2015-05-12,22.4500,22.6000,22.2400,22.3000,2259278
2015-05-11,22.6500,22.8600,22.4400,22.5700,2631236
2015-05-08,22.6400,22.8900,22.5500,22.7700,3838683
2015-05-07,22.2800,22.7350,22.1800,22.5500,6239794
2015-05-06,22.1000,22.3500,21.8300,22.2900,4552925
2015-05-05,22.1500,22.3500,21.8400,21.9800,3374825
2015-05-04,22.0500,22.4000,22.0000,22.2000,3976781
2015-05-01,21.8800,22.1700,21.8000,22.0000,3980737
2015-04-30,21.4800,21.9100,21.3700,21.8900,3586750
2015-04-29,21.2000,21.6200,20.9900,21.5600,4209386
2015-04-28,20.8100,21.4100,20.7000,21.2700,10092687
2015-04-27,20.0000,20.3200,19.9000,20.3100,5734338
2015-04-24,20.4800,20.6300,19.9400,19.9500,4809017
2015-04-23,20.5300,20.6900,20.3300,20.3900,3797678
2015-04-22,20.6500,20.7000,20.2500,20.4900,5357435
2015-04-21,20.6700,20.7400,20.4100,20.5500,2039998
2015-04-20,20.7800,20.8500,20.4490,20.6500,2756007
2015-04-17,20.9800,21.0600,20.6900,20.7300,2245730
2015-04-16,21.2100,21.2260,20.9100,21.0900,2371571
2015-04-15,20.8800,21.3100,20.8700,21.2200,2193027
2015-04-14,20.8100,20.9900,20.6000,20.8600,5550082
2015-04-13,20.6200,20.9200,20.4800,20.8500,1504774
2015-04-10,20.4400,20.8200,20.3700,20.7500,1807318
2015-04-09,20.4400,20.5000,20.3300,20.3900,2444542
2015-04-08,20.6500,20.6500,20.3100,20.4400,4226506
2015-04-07,20.6000,20.7700,20.4900,20.5500,4956273
2015-04-06,20.4800,20.6300,20.3300,20.5000,3896115
2015-04-02,20.6600,21.0000,20.5300,20.5700,5306612
2015-04-01,21.0000,21.1400,20.5200,20.6500,8028279
2015-03-31,20.5000,21.0100,20.4100,20.9800,3401038
2015-03-30,20.6300,20.9100,20.5900,20.6700,1933710
2015-03-27,20.6400,20.7000,20.4200,20.5600,1635559
2015-03-26,20.9400,21.0000,20.5540,20.6600,2796280
2015-03-25,20.9500,21.3200,20.8100,20.8800,3562250
2015-03-24,21.1600,21.3500,20.8400,20.9800,2772489
2015-03-23,21.1300,21.5400,21.1200,21.2000,1957811
2015-03-20,21.4300,21.5550,21.2300,21.2300,6989869
2015-03-19,21.1300,21.4500,20.8800,21.3400,3226777
2015-03-18,21.1400,21.4800,20.6200,21.1500,4335485
2015-03-17,21.0600,21.3100,20.9000,21.0600,3373370
2015-03-16,21.1000,21.1800,20.8450,21.0700,2575689
2015-03-13,21.2300,21.5000,20.9200,21.0300,2313157
2015-03-12,21.9200,21.9900,21.0700,21.1800,5938681
2015-03-11,20.8000,20.9600,20.6600,20.8300,1871453
2015-03-10,20.9800,21.0800,20.4700,20.7500,2469067
2015-03-09,21.1500,21.2500,20.9600,21.2300,1399724
2015-03-06,20.7900,21.3900,20.6800,21.0800,2650566
2015-03-05,20.8700,21.0200,20.5600,20.8800,3643918
2015-03-04,20.8700,21.1000,20.7900,20.8700,3617840
2015-03-03,20.0800,21.0700,20.0300,21.0100,5586202
2015-03-02,20.7000,20.7000,20.0000,20.1700,5878492
2015-02-27,21.0600,21.1249,20.7200,20.7800,3010680
2015-02-26,21.2000,21.2700,20.8900,20.9600,3533620
2015-02-25,21.1800,21.5100,21.1800,21.2600,1968153
2015-02-24,21.3400,21.4900,21.1000,21.2200,3558909
2015-02-23,21.6900,21.8000,21.0600,21.2900,5251456
2015-02-20,21.5100,21.8900,21.4200,21.8200,3204430
2015-02-19,21.4200,21.9700,21.3800,21.8200,1676567
2015-02-18,21.7500,21.8000,21.4200,21.5300,4810669
2015-02-17,22.0000,22.0400,21.7600,21.8300,4234627
2015-02-13,22.1100,22.2800,21.8100,22.0500,5528118
2015-02-12,21.5600,21.9300,21.3100,21.8400,7015008
2015-02-11,20.4500,21.1300,20.4200,21.1100,8954122
2015-02-10,19.9600,20.5150,19.8100,20.4700,5780260
2015-02-09,19.4500,20.0200,19.3650,19.9500,4818668
2015-02-06,20.1200,20.2000,19.5700,19.6600,6226074
2015-02-05,20.6000,20.9600,19.9500,20.0100,5577575
2015-02-04,19.6100,19.9250,19.5000,19.7300,3387859
2015-02-03,19.0000,19.6600,18.9200,19.6200,4872864
2015-02-02,18.8100,19.1000,18.7100,19.0800,3972353
2015-01-30,19.4100,19.4100,18.6300,18.7100,8080502
2015-01-29,20.3000,20.6300,19.2700,19.5800,10951330
2015-01-28,20.9000,20.9000,19.9800,20.0100,6811704
2015-01-27,20.5800,20.8398,20.4000,20.6800,2826997
2015-01-26,20.4500,20.7800,20.3000,20.7800,2789885
2015-01-23,20.5400,20.6900,20.3400,20.4600,2205389
2015-01-22,20.2200,20.7600,20.0000,20.6300,3202411
2015-01-21,20.1600,20.2700,19.8900,20.1400,6214567
2015-01-20,20.5100,20.5100,20.0550,20.2200,5679627
2015-01-16,20.3100,20.6200,20.0000,20.4000,6570524
2015-01-15,21.0700,21.4900,20.3600,20.3600,5583324
2015-01-14,21.3500,21.4100,20.6800,21.0200,10498564
2015-01-13,22.8800,22.9000,20.9100,21.6600,14273402
2015-01-12,23.6000,23.6000,22.4400,22.5700,8311305
2015-01-09,24.0000,24.0000,23.0300,23.8800,15101624
2015-01-08,23.3300,23.6700,23.1500,23.5200,7923080
2015-01-07,23.2800,23.4600,22.9550,23.0800,5952609
2015-01-06,23.5200,23.6500,22.6200,23.0600,6904298
2015-01-05,23.4600,23.6600,23.2000,23.4500,4286353
2015-01-02,23.7600,23.8800,23.4500,23.6500,2021190
2014-12-31,23.8600,23.9100,23.6100,23.6200,2298943
2014-12-30,23.8400,23.9800,23.7100,23.7700,1989904
2014-12-29,24.0000,24.1000,23.7200,23.9000,1859950
2014-12-26,23.8900,24.0700,23.8400,23.9900,1348510
2014-12-24,23.8300,24.0500,23.7100,23.8700,1417616
2014-12-23,23.7500,24.1400,23.5400,23.8900,4282376
2014-12-22,23.2800,23.7300,23.1400,23.6200,7176680
2014-12-19,23.8900,23.9100,23.2000,23.2600,37140466
2014-12-18,22.6000,23.0200,22.3200,22.7500,3902705
2014-12-17,21.6800,22.2500,21.6500,22.1600,2952143
2014-12-16,21.6000,22.2600,21.4700,21.6400,3380503
2014-12-15,22.2700,22.3000,21.4300,21.6300,4570267
2014-12-12,22.4700,22.6100,21.6800,22.1900,3744888
2014-12-11,22.9100,23.6500,22.4700,22.6400,3147435
2014-12-10,23.2600,23.3400,22.4600,22.8400,3825250
2014-12-09,23.0000,23.6800,23.0000,23.3000,2796488
2014-12-08,23.1300,23.5900,22.9800,23.1100,2338342
2014-12-05,22.9000,23.4700,22.9000,23.0800,2688394
2014-12-04,22.6900,22.9400,22.6200,22.8400,2222418
2014-12-03,22.9100,23.0404,22.6800,22.7000,3368427
2014-12-02,23.1900,23.3100,22.8500,22.9100,2097165
2014-12-01,23.6100,23.8600,23.1000,23.2000,1955187
2014-11-28,23.6300,23.7900,23.4300,23.7800,809512
2014-11-26,23.8900,23.9800,23.6100,23.6400,1417825
2014-11-25,23.6800,23.9600,23.5800,23.9600,4080130
2014-11-24,23.4700,23.7200,23.2100,23.6400,3249984
2014-11-21,23.7200,23.8100,23.4300,23.4600,2206594
2014-11-20,23.3700,23.6300,23.2300,23.4200,1620892
2014-11-19,23.6000,23.6500,23.2300,23.4000,1886248
2014-11-18,23.4800,23.7800,23.4300,23.6100,2075737
2014-11-17,23.3600,23.6200,23.3600,23.4700,3307826
2014-11-14,23.2500,23.6400,23.1600,23.4600,3411057
2014-11-13,23.0800,23.4300,22.9000,23.2000,3611043
2014-11-12,22.7800,23.1300,22.6000,23.0900,2984201
2014-11-11,22.7400,22.9200,22.5900,22.8300,2386087
2014-11-10,22.7100,22.9900,22.6000,22.7800,2038840
2014-11-07,22.4200,22.7750,22.4200,22.6900,2183998
2014-11-06,22.3900,22.5800,22.2400,22.4400,2500992
2014-11-05,22.2300,22.4500,21.9900,22.4300,3539224
2014-11-04,21.7700,22.2600,21.6100,22.1400,6100690
2014-11-03,22.6800,22.7000,22.1200,22.3000,3042293
2014-10-31,22.6600,22.9500,22.6400,22.7000,3602773
2014-10-30,23.0000,23.0500,22.4300,22.8000,3646438
2014-10-29,23.2500,23.2500,22.1800,22.8200,4934924
2014-10-28,21.9700,22.3150,21.8300,22.2100,4169116
2014-10-27,21.6800,21.9300,21.6700,21.7900,1737999
2014-10-24,21.7500,21.8200,21.6400,21.6900,1548736
2014-10-23,21.7900,22.0300,21.6200,21.6600,2500468
2014-10-22,22.1800,22.2600,21.4900,21.5100,2450846
2014-10-21,21.7500,22.4200,21.7401,22.1200,3731220
2014-10-20,21.6000,21.7200,21.2200,21.5300,1956671
2014-10-17,21.2600,22.0800,21.2200,21.6100,4049864
2014-10-16,20.3000,21.3800,20.1100,21.0500,4362970
2014-10-15,19.9000,21.0100,19.4200,20.5600,11710220
2014-10-14,20.2400,20.5400,19.8400,20.2100,13061741
2014-10-13,20.9600,21.0100,20.0600,20.1200,8180167
2014-10-10,21.2000,21.2000,20.6100,20.8700,9902816
2014-10-09,22.1000,22.1500,21.2000,21.2300,4877214
2014-10-08,21.9100,22.1350,21.6800,22.1000,4706148
2014-10-07,22.6000,22.7700,21.8700,21.9500,5638479
2014-10-06,22.8400,23.0000,22.5900,22.6200,3803939
2014-10-03,22.4300,22.8200,22.3500,22.7500,7572211
2014-10-02,22.6400,22.6400,21.7800,22.3500,13834514
2014-10-01,23.0800,23.1500,22.4900,22.6600,4635824
2014-09-30,23.4000,23.4000,23.1100,23.1400,1884748
2014-09-29,23.4100,23.5800,23.1100,23.4300,2372652
2014-09-26,23.2400,23.5800,23.2000,23.5200,2266964
2014-09-25,23.5700,23.5700,23.0600,23.1800,1613496
2014-09-24,23.4500,23.7400,23.2400,23.6200,2485788
2014-09-23,23.7000,23.7000,23.4000,23.4000,2009431
2014-09-22,24.0800,24.0800,23.4800,23.7400,2008309
2014-09-19,23.7800,24.0800,23.6600,23.6600,5716092
2014-09-18,24.0100,24.0750,23.6100,23.6500,2611814
2014-09-17,24.3000,24.3000,23.8500,23.9200,1638119
2014-09-16,23.9900,24.1550,23.7600,23.9600,2379543
2014-09-15,24.4000,24.4100,23.8550,24.0400,2225382
2014-09-12,24.6800,24.7000,24.1700,24.4600,2376409
2014-09-11,24.4200,24.6900,24.3150,24.6600,1942279
2014-09-10,24.7000,24.7900,24.2450,24.4200,2799861
2014-09-09,24.8600,24.9400,24.5600,24.7100,3698270
2014-09-08,24.8900,24.9900,24.8200,24.8200,3756465
2014-09-05,24.8600,25.0000,24.8000,24.9500,2809022
2014-09-04,24.9200,24.9700,24.6700,24.8500,3229976
2014-09-03,25.0000,25.0000,24.6100,24.8500,3793008
2014-09-02,24.8100,25.0100,24.8100,24.9300,5005858
2014-08-29,24.9500,25.0000,24.6000,24.6000,11425613
2014-08-28,24.8800,24.9600,24.7400,24.8500,3394008
2014-08-27,24.9000,25.0000,24.8800,24.9500,3056951
2014-08-26,24.7700,24.9900,24.7000,24.8800,3113084
2014-08-25,24.7300,24.8900,24.7000,24.7200,1938685
2014-08-22,24.8100,24.9900,24.6500,24.7500,5554328
2014-08-21,24.6500,24.9800,24.5800,24.8300,7358479
2014-08-20,24.6900,24.7500,24.2500,24.6000,6563242
2014-08-19,24.6500,24.8100,24.4800,24.6400,6859880
2014-08-18,24.4700,24.5900,24.2500,24.4600,4835798
2014-08-15,24.4900,24.5200,23.7100,24.1500,4944652
2014-08-14,23.5000,24.2400,23.3400,24.2100,9960041
2014-08-13,23.0400,23.5100,22.9600,23.4500,2112174
2014-08-12,23.2600,23.2600,22.8000,22.9900,1169148
2014-08-11,23.0600,23.1450,22.9400,22.9700,1072716
2014-08-08,22.8700,23.0500,22.8500,22.9500,1703439
2014-08-07,22.9000,23.0500,22.7300,22.8200,1995977
2014-08-06,22.5600,22.9900,22.5100,22.8600,1318713
2014-08-05,22.9200,22.9300,22.4250,22.6000,2642998
2014-08-04,22.9600,23.2400,22.8000,22.9700,1853809
2014-08-01,22.9100,23.1200,22.8600,22.9000,1320223
2014-07-31,22.9700,23.1400,22.9200,22.9600,1723403
2014-07-30,23.6500,23.7900,23.0000,23.0600,4005836
2014-07-29,24.4000,24.5200,23.5400,23.5600,4819920
2014-07-28,23.9700,24.1200,23.9700,24.0200,2367345
2014-07-25,24.0000,24.0800,23.9200,24.0100,715603
2014-07-24,23.8700,24.1000,23.8700,23.9900,1156245
2014-07-23,23.8800,24.0200,23.7500,23.9100,891927
2014-07-22,23.9500,24.1500,23.8500,23.8700,824285
2014-07-21,23.8900,24.0000,23.7200,23.9000,699331
2014-07-18,23.4900,24.0000,23.4500,23.9500,1282234
2014-07-17,23.5100,23.7700,23.4100,23.4400,1499695
2014-07-16,23.3600,23.7200,23.1100,23.5400,1675920
2014-07-15,23.3300,23.4300,23.0900,23.2500,2200195
2014-07-14,23.2000,23.4500,23.1800,23.4000,866005
2014-07-11,23.3000,23.5100,23.0900,23.1500,1515284
2014-07-10,23.3200,23.4200,23.1200,23.3000,1817537
2014-07-09,23.6500,23.8100,23.3100,23.4600,1549716
2014-07-08,23.8500,23.8500,23.5000,23.6500,1914167
2014-07-07,23.9600,23.9700,23.7600,23.8500,1456708
2014-07-03,24.0000,24.0400,23.8200,24.0300,1602489
2014-07-02,23.9700,24.1500,23.7990,23.9900,1684410
2014-07-01,24.1800,24.2500,23.8000,23.9300,2954454
2014-06-30,24.3400,24.4750,23.8300,23.9100,4091543
2014-06-27,24.7100,24.8700,24.1900,24.1900,16266214
2014-06-26,24.6100,24.7600,24.4600,24.6900,2451897
2014-06-25,24.5300,24.7700,24.2600,24.6800,3026171
2014-06-24,25.0400,25.0780,24.5200,24.6200,2261703
2014-06-23,24.8500,25.1300,24.7600,25.0300,4350911
2014-06-20,24.5100,25.1400,24.5100,24.9800,12261379
2014-06-19,24.7000,24.7700,24.4900,24.6200,2301493
2014-06-18,24.6600,24.7700,24.4800,24.6400,2138248
2014-06-17,24.6600,24.9800,24.3600,24.6800,3491410
2014-06-16,24.9500,25.1200,24.6500,24.7300,3770258
2014-06-13,24.9200,25.0500,24.5900,24.9600,2044827
2014-06-12,24.6300,25.0800,24.5600,24.9500,4192179
2014-06-11,24.5000,24.8000,24.1300,24.6300,3253619
2014-06-10,24.3400,24.6400,24.2500,24.5800,4052741
2014-06-09,23.6200,24.5450,23.6200,24.4400,5438686
2014-06-06,23.6100,23.6800,23.4200,23.6000,1258971
2014-06-05,23.2400,23.6500,23.2400,23.5100,2453384
2014-06-04,23.4600,23.5900,23.3800,23.5100,5377145
2014-06-03,23.5800,23.7016,23.2400,23.4600,3768249
2014-06-02,23.5300,23.7500,23.4500,23.5200,3810332
2014-05-30,23.7300,23.7300,23.5000,23.5600,1363378
2014-05-29,23.7400,23.9800,23.6300,23.6800,1659163
2014-05-28,24.0300,24.1810,23.6300,23.7200,1504561
2014-05-27,24.1000,24.2900,24.0100,24.0500,1389042
2014-05-23,24.1700,24.3700,24.0300,24.0800,1649864
2014-05-22,24.4300,24.4300,24.1600,24.2400,867003
2014-05-21,24.1600,24.3800,24.1600,24.3000,803472
2014-05-20,24.3800,24.6000,24.1100,24.2400,1488161
2014-05-19,24.1600,24.5100,23.9700,24.4500,604507
2014-05-16,24.4000,24.4400,24.1000,24.2100,1032467
2014-05-15,24.7100,24.9200,24.0800,24.3000,2922934
2014-05-14,24.9700,24.9700,24.6600,24.7700,434260
2014-05-13,24.9000,25.0200,24.6300,24.8100,691898
2014-05-12,25.1700,25.3000,24.7900,24.9800,3096171
2014-05-09,25.1200,25.2400,24.8300,25.1900,2646012
2014-05-08,24.4900,25.2300,24.2500,25.2100,10454895
2014-05-07,24.1800,24.4600,24.0300,24.4300,6174203
2014-05-06,24.1400,24.2200,24.0100,24.1700,1797882
2014-05-05,23.9500,24.1500,23.9000,24.1500,1646573
2014-05-02,24.0200,24.1000,23.8600,24.0500,1523236
2014-05-01,24.4300,24.5500,23.9800,24.0100,5582431
2014-04-30,24.0100,24.1900,23.8700,24.1500,4240441
2014-04-29,24.0400,24.1700,23.9800,24.0000,6701256
2014-04-28,24.3900,24.3900,23.9000,24.0300,2493577
2014-04-25,24.3300,24.5000,24.1300,24.3900,1281840
2014-04-24,24.3300,24.6500,24.1800,24.3800,4254816
2014-04-23,24.2400,24.3300,24.0500,24.2800,1501907
2014-04-22,23.9200,24.4300,23.9200,24.0400,7177588
2014-04-21,23.8800,24.0400,23.8500,23.9800,1208196
2014-04-17,24.2500,24.2500,23.7700,23.8800,3196019
2014-04-16,23.9300,24.2300,23.9100,24.1400,5631447
2014-04-15,24.0000,24.1650,23.7450,23.9300,4745225
2014-04-14,24.4300,24.5800,23.8000,24.0500,5048825
2014-04-11,23.9500,25.0000,23.8000,24.2000,11331608
2014-04-10,24.2500,24.7900,23.7600,23.9800,31281593
2014-04-09,8650.0000,8650.0000,8650.0000,8650.0000,0
2014-04-08,8650.0000,8650.0000,8650.0000,8650.0000,0
2014-04-07,8650.0000,8650.0000,8650.0000,8650.0000,0
2014-04-04,8650.0000,8650.0000,8650.0000,8650.0000,0
2014-04-03,8650.0000,8650.0000,8650.0000,8650.0000,0
2014-04-02,8650.0000,8650.0000,8650.0000,8650.0000,114
2014-04-01,8650.0000,8650.0000,8650.0000,8650.0000,0
2014-03-31,8650.0000,8650.0000,8650.0000,8650.0000,0
2014-03-28,8500.0000,8650.0000,8400.0000,8650.0000,402
2014-03-27,8475.0000,8475.0000,8475.0000,8475.0000,40
2014-03-26,8475.0000,8475.0000,8475.0000,8475.0000,0
2014-03-25,8475.0000,8475.0000,8475.0000,8475.0000,0
2014-03-24,8475.0000,8475.0000,8475.0000,8475.0000,0
2014-03-21,8475.0000,8475.0000,8475.0000,8475.0000,0
2014-03-20,8475.0000,8475.0000,8475.0000,8475.0000,0
2014-03-19,8475.0000,8475.0000,8475.0000,8475.0000,0
2014-03-18,8475.0000,8475.0000,8475.0000,8475.0000,0
2014-03-17,8475.0000,8475.0000,8475.0000,8475.0000,0
2014-03-14,8475.0000,8475.0000,8475.0000,8475.0000,0
2014-03-13,8475.0000,8475.0000,8475.0000,8475.0000,0
2014-03-12,8475.0000,8475.0000,8475.0000,8475.0000,0
2014-03-11,8475.0000,8475.0000,8475.0000,8475.0000,0
2014-03-10,8475.0000,8475.0000,8475.0000,8475.0000,250
2014-03-07,8099.9994,8099.9994,8099.9994,8099.9994,0
2014-03-06,8100.0000,8100.0000,8100.0000,8100.0000,0
2014-03-05,8100.0000,8100.0000,8100.0000,8100.0000,0
2014-03-04,8100.0000,8100.0000,8100.0000,8100.0000,0
2014-03-03,8100.0000,8100.0000,8100.0000,8100.0000,0
2014-02-28,8100.0000,8100.0000,8100.0000,8100.0000,0
2014-02-27,8100.0000,8100.0000,8100.0000,8100.0000,0
2014-02-26,8100.0000,8100.0000,8100.0000,8100.0000,0
2014-02-25,8100.0000,8100.0000,8100.0000,8100.0000,0
2014-02-24,8100.0000,8100.0000,8100.0000,8100.0000,0
2014-02-21,8100.0000,8100.0000,8100.0000,8100.0000,0
2014-02-20,8100.0000,8100.0000,8100.0000,8100.0000,0
2014-02-19,8100.0000,8100.0000,8100.0000,8100.0000,0
2014-02-18,8100.0000,8100.0000,8100.0000,8100.0000,0
2014-02-14,8100.0000,8100.0000,8100.0000,8100.0000,0
2014-02-13,8100.0000,8100.0000,8100.0000,8100.0000,0
2014-02-12,8100.0000,8100.0000,8100.0000,8100.0000,0
2014-02-11,8100.0000,8100.0000,8100.0000,8100.0000,0
2014-02-10,8100.0000,8100.0000,8100.0000,8100.0000,0
2014-02-07,8100.0000,8100.0000,8100.0000,8100.0000,0
2014-02-06,8090.0000,8100.0000,8090.0000,8100.0000,900
2014-02-05,8010.0000,8010.0000,8010.0000,8010.0000,300
2014-02-04,8020.0000,8020.0000,8020.0000,8020.0000,100
2014-02-03,7950.0000,7950.0000,7950.0000,7950.0000,0
2014-01-31,7950.0000,7950.0000,7950.0000,7950.0000,250
2014-01-30,7975.0000,7975.0000,7950.0000,7950.0000,760
2014-01-29,8050.0000,8050.0000,8050.0000,8050.0000,0
2014-01-28,8000.0000,8050.0000,8000.0000,8050.0000,1714
