timestamp,open,high,low,close,volume
2018-02-09,50.6200,51.6400,46.7800,50.9200,1610761
2018-02-08,52.8600,52.9600,50.0900,50.1200,1045385
2018-02-07,53.0600,54.0100,52.4000,52.8200,845740
2018-02-06,52.7400,54.2001,51.6300,53.3300,1565323
2018-02-05,56.9600,58.3000,53.2000,53.9600,1380427
2018-02-02,58.9700,59.8790,56.3800,56.8200,1297897
2018-02-01,60.7000,60.8300,58.5100,59.2500,1359357
2018-01-31,61.5900,61.8550,60.2900,60.5000,658848
2018-01-30,61.2300,61.9900,59.8800,60.9700,939384
2018-01-29,61.7500,63.2499,61.5010,62.3900,1070740
2018-01-26,61.5000,63.6000,61.0900,61.7500,1206233
2018-01-25,61.4000,62.1800,60.0250,61.4000,902202
2018-01-24,63.8300,64.4290,59.0200,61.2500,2242436
2018-01-23,61.0000,65.9700,60.7200,64.1000,1904944
2018-01-22,58.0000,61.3859,57.3400,60.6700,1918091
2018-01-19,56.0000,56.8700,55.7200,56.7600,836842
2018-01-18,54.7000,56.4000,53.9100,55.8700,1615985
2018-01-17,56.2000,56.7300,54.0000,54.9300,2173461
2018-01-16,59.1600,60.0400,54.2500,55.4100,3167926
2018-01-12,60.0000,60.4800,57.7000,59.0100,1517839
2018-01-11,62.9900,63.4850,59.6600,59.9300,1238626
2018-01-10,61.7400,63.0620,60.1850,62.7800,1314489
2018-01-09,63.2300,63.7336,61.4750,62.0100,1248886
2018-01-08,66.0200,66.0600,61.9700,62.9800,1328223
2018-01-05,68.8000,68.8000,65.9000,66.4900,789657
2018-01-04,66.7000,68.9150,65.8300,67.7200,770058
2018-01-03,65.6200,68.2199,64.8200,66.6400,747981
2018-01-02,68.6000,68.7372,65.0900,66.0500,1230251
2017-12-29,68.1900,69.0200,67.4310,68.0000,965983
2017-12-28,67.3000,68.1400,65.8600,67.9200,722142
2017-12-27,64.8900,68.3599,64.1200,67.1700,1108916
2017-12-26,66.1500,66.9600,63.5500,64.9700,1020541
2017-12-22,65.2500,68.2900,64.3000,65.9000,1363138
2017-12-21,61.9900,64.4500,60.8000,64.2700,1163860
2017-12-20,63.5000,64.0200,61.1210,61.5800,1016180
2017-12-19,64.6800,65.0500,63.3428,63.8000,919776
2017-12-18,64.6600,65.4000,63.1500,64.4800,1023127
2017-12-15,64.0800,65.4000,63.0000,64.1300,1878922
2017-12-14,64.0700,64.9400,63.2501,64.1400,833429
2017-12-13,62.6000,64.4100,62.5000,63.7700,1025922
2017-12-12,62.9000,64.2000,62.0800,62.5300,936421
2017-12-11,62.5000,65.3500,61.8300,62.9000,1400813
2017-12-08,59.6100,62.9700,58.5100,62.1500,1508104
2017-12-07,59.1000,60.0500,58.1600,59.4900,894055
2017-12-06,58.0000,59.9000,57.3300,58.9700,1039699
2017-12-05,59.3100,60.0000,57.4700,57.6900,799241
2017-12-04,61.8800,62.5700,59.2200,59.3100,1037564
2017-12-01,62.5000,62.7600,58.7500,61.3300,1254948
2017-11-30,60.3000,63.2100,59.9900,62.8700,1418557
2017-11-29,58.8300,60.7000,58.0600,60.2600,1199891
2017-11-28,59.6000,59.7000,57.6000,58.9700,1516623
2017-11-27,61.1600,61.4500,58.6200,59.4900,1603406
2017-11-24,61.6000,62.0000,60.6300,60.9400,274764
2017-11-22,61.5000,62.1600,59.8500,61.5200,1044529
2017-11-21,64.0000,64.0600,60.8000,61.1700,1231192
2017-11-20,63.2500,65.3300,63.2500,63.8800,1006294
2017-11-17,66.7800,67.0900,63.1500,63.2100,1434338
2017-11-16,66.8800,67.1600,64.4800,66.8800,1158804
2017-11-15,63.6200,65.7500,63.1700,64.5600,1119280
2017-11-14,65.6000,66.3500,62.6800,65.4900,1073639
2017-11-13,66.4000,67.1600,65.2300,65.9900,777318
2017-11-10,67.1900,67.6300,65.5100,66.9500,1037846
2017-11-09,67.8700,68.5000,66.4600,67.2100,1181170
2017-11-08,71.3900,71.5700,64.5000,68.7700,3007648
2017-11-07,72.6400,72.9000,71.0800,71.7100,996665
2017-11-06,73.2600,74.6000,72.2900,72.3800,777387
2017-11-03,71.6500,74.0000,71.6500,73.5900,842256
2017-11-02,69.5000,71.8800,66.6000,71.6400,2491748
2017-11-01,76.0600,76.1800,71.8100,72.8600,1386471
2017-10-31,76.3300,77.4400,74.9500,75.3700,843941
2017-10-30,76.5500,78.4300,75.3800,76.1700,693984
2017-10-27,74.5900,77.2900,74.4000,76.9900,1667946
2017-10-26,76.1000,76.4500,73.2300,74.3500,1449609
2017-10-25,75.4600,77.0600,74.0100,76.6300,1085048
2017-10-24,76.1800,76.4400,74.2700,75.6800,1037661
2017-10-23,78.4400,79.6000,75.3300,75.5700,1334089
2017-10-20,77.9000,79.3700,77.2600,77.5000,1377370
2017-10-19,77.0000,78.2000,75.8200,76.7700,1306460
2017-10-18,81.5000,81.8800,77.8500,78.7200,1363326
2017-10-17,84.1400,85.2000,80.6600,81.3200,1134782
2017-10-16,84.5200,85.9300,83.3700,84.5800,720039
2017-10-13,84.2000,86.2600,83.2000,84.2700,1236263
2017-10-12,82.7900,84.3500,81.7500,84.2100,988755
2017-10-11,83.1700,85.2700,82.4700,82.7800,1124554
2017-10-10,84.1400,84.5100,81.5700,82.8200,935824
2017-10-09,84.2300,84.7900,82.2200,83.5000,929932
2017-10-06,82.8500,85.5600,82.2200,84.3900,1164293
2017-10-05,81.9600,83.3000,80.3000,83.2300,1091131
2017-10-04,82.5900,84.0000,81.0000,81.9800,924763
2017-10-03,80.3300,83.4600,79.8700,82.6700,917803
2017-10-02,82.1800,82.9400,78.3700,80.3600,1845414
2017-09-29,80.4100,83.9300,80.1400,82.4000,1498587
2017-09-28,76.7600,80.7800,74.9500,80.1100,2115651
2017-09-27,72.7000,77.4500,72.6700,76.8600,1742901
2017-09-26,76.0500,77.2100,71.9900,72.3400,1313168
2017-09-25,78.1200,78.4000,75.5200,75.9600,1583660
2017-09-22,76.1900,78.9000,75.0100,78.5600,1901049
2017-09-21,75.0800,76.9900,73.9800,76.9500,1815055
2017-09-20,75.6700,76.6000,73.7500,75.0400,1393610
2017-09-19,78.5300,78.5600,73.0000,76.0100,2402177
2017-09-18,69.6700,76.9900,69.2000,76.7400,4524165
2017-09-15,69.8700,70.3900,68.7600,69.4600,1858559
2017-09-14,70.7100,71.3000,69.5500,70.0300,860505
2017-09-13,71.6700,72.7600,70.0000,70.7800,1846726
2017-09-12,68.5100,70.8100,67.2700,70.6100,1435365
2017-09-11,68.4000,69.1200,64.6100,68.7600,2855234
2017-09-08,74.3000,74.9300,67.0400,67.1700,3068886
2017-09-07,75.1400,75.7500,71.2300,72.3200,1531616
2017-09-06,77.2200,78.3000,74.2600,75.0400,823438
2017-09-05,77.8700,78.4200,75.2300,76.6500,940569
2017-09-01,76.7200,79.1000,76.1600,78.2600,1369105
2017-08-31,74.6200,76.6500,73.2000,76.0700,1215018
2017-08-30,70.6000,74.5900,70.1500,73.8700,1799807
2017-08-29,72.5900,72.8200,70.5800,70.6400,1684692
2017-08-28,74.0900,75.6800,72.6400,73.7100,1174757
2017-08-25,74.5100,75.2800,72.3400,73.1600,914859
2017-08-24,72.1500,74.6800,71.1600,74.3600,912520
2017-08-23,71.9300,72.7200,71.0100,71.6100,575940
2017-08-22,71.5200,72.3000,70.4100,72.1000,948938
2017-08-21,71.9300,72.5700,70.5000,71.2000,936046
2017-08-18,69.5500,74.7400,68.5000,71.9600,1899059
2017-08-17,70.8200,73.5200,66.9700,69.8700,2556414
2017-08-16,71.8800,72.1900,70.6600,71.7700,1112234
2017-08-15,70.0500,72.3800,67.8200,71.8800,1380369
2017-08-14,71.8400,72.6400,68.8900,69.5400,1076742
2017-08-11,70.0200,72.6100,68.2800,70.9900,1269925
2017-08-10,70.3400,71.6800,68.4000,69.5900,1762997
2017-08-09,74.8700,74.8700,70.6500,70.9800,2115097
2017-08-08,77.3200,78.3300,74.6000,75.6000,1271892
2017-08-07,78.6800,79.9800,76.0700,77.2900,1391314
2017-08-04,78.1700,80.3500,76.9500,78.5000,1298414
2017-08-03,80.2700,83.5000,75.8700,77.4300,2056131
2017-08-02,82.3100,82.9500,79.1100,81.6100,1609237
2017-08-01,85.5500,86.6500,79.8100,81.8600,3063317
2017-07-31,90.9000,92.7500,84.0000,84.8100,4740505
2017-07-28,91.4600,99.4500,90.5400,98.0200,2352700
2017-07-27,87.0500,93.8100,87.0500,92.2500,2669603
2017-07-26,86.2400,88.0000,85.4400,87.4300,1018082
2017-07-25,87.4200,87.5000,84.3100,85.9700,842740
2017-07-24,86.9800,87.2300,84.3300,87.0400,1149325
2017-07-21,85.2600,89.0500,85.0300,86.6400,1132241
2017-07-20,84.1000,87.4000,83.4600,85.2700,1185808
2017-07-19,85.9400,86.7500,83.2800,83.8500,1517580
2017-07-18,88.6200,89.2600,84.8100,84.9900,1631629
2017-07-17,91.5500,91.8800,88.1000,88.8700,1583012
2017-07-14,92.1200,94.4800,91.4600,91.5500,1186269
2017-07-13,95.7800,95.9300,88.6500,92.4900,3293393
2017-07-12,94.7600,96.8500,93.4800,95.3400,937044
2017-07-11,94.5800,95.7900,92.2200,94.0900,1682127
2017-07-10,96.0000,96.6000,94.0500,94.9800,1104549
2017-07-07,93.9000,96.1700,93.2700,95.6500,1550674
2017-07-06,93.1000,93.5300,92.1200,92.7800,627599
2017-07-05,92.9800,93.7400,91.4700,93.5600,809748
2017-07-03,93.9500,94.3800,91.7600,93.1800,491544
2017-06-30,92.0800,93.9500,91.0300,93.6300,1279681
2017-06-29,93.3000,94.1200,91.5000,92.0000,1182442
2017-06-28,90.5000,93.6600,88.8100,93.5600,1946023
2017-06-27,94.3000,94.3000,89.7900,89.9600,1922865
2017-06-26,95.0100,95.3300,90.6300,94.4600,1654228
2017-06-23,96.5000,96.7000,92.3300,95.0000,2407767
2017-06-22,94.8000,96.9200,92.9600,96.7800,2185876
2017-06-21,89.0300,94.9700,86.7000,94.2900,7022788
2017-06-20,88.3100,92.5000,87.3500,88.6800,5913970
2017-06-19,87.8000,91.0000,84.0800,87.8800,13638297
2017-06-16,59.7400,60.7400,58.1900,59.9700,1957901
2017-06-15,62.2200,62.8500,58.8500,59.7000,1466314
2017-06-14,62.9100,64.0300,61.6200,63.3100,1433825
2017-06-13,61.7200,63.0400,60.1400,62.9900,2222260
2017-06-12,60.2500,61.4000,58.8800,60.0900,1286368
2017-06-09,60.0000,60.5600,58.2300,60.4300,1871099
2017-06-08,59.5200,60.8400,57.4400,59.5600,1405886
2017-06-07,57.5900,59.3700,57.5000,59.3200,1023826
2017-06-06,56.5800,57.7800,55.3600,57.2500,1040205
2017-06-05,57.3600,58.4000,55.9800,56.6500,1712899
2017-06-02,55.6200,58.3300,54.1600,57.5900,1606173
2017-06-01,52.4000,56.6400,52.0900,55.2100,2264929
2017-05-31,52.1800,52.8900,49.8800,51.6600,1600372
2017-05-30,52.1500,53.3300,51.8300,52.2500,969396
2017-05-26,54.9100,55.0400,51.7300,52.1700,1108558
2017-05-25,55.9000,55.9000,54.8200,55.0400,743695
2017-05-24,54.9700,55.6200,53.5400,55.4800,1123862
2017-05-23,54.3000,55.6500,53.2200,54.9800,839057
2017-05-22,52.5600,54.7100,52.5000,54.4400,1374643
2017-05-19,55.3100,55.9200,52.2000,52.2400,1938126
2017-05-18,50.6000,54.9700,50.4200,54.6300,2270246
2017-05-17,51.2900,51.9300,48.9700,50.5000,2896128
2017-05-16,48.6300,49.6700,48.1100,49.5600,1434406
2017-05-15,47.3300,48.9000,47.3300,48.5100,1548836
2017-05-12,45.8400,48.7200,45.5000,47.6000,1245378
2017-05-11,46.8800,46.9500,45.4200,45.9300,1209050
2017-05-10,48.0800,48.4600,47.0400,47.2200,1239849
2017-05-09,47.6200,49.3300,46.8800,47.9900,1854743
2017-05-08,50.2500,50.4300,46.9600,47.6900,1861914
2017-05-05,51.5100,51.9500,49.0500,50.3700,1881496
2017-05-04,55.7600,57.4600,48.9000,51.3600,4267853
2017-05-03,55.1900,55.4700,52.8600,53.3000,2138450
2017-05-02,58.4000,59.0700,54.6700,55.3200,1606114
2017-05-01,58.2900,58.9500,57.3000,57.8500,991441
2017-04-28,58.3300,59.2400,56.7600,57.8900,1227190
2017-04-27,58.7500,59.7000,57.7300,58.2100,714321
2017-04-26,57.9500,59.0000,56.6000,58.6400,770484
2017-04-25,57.3100,59.4600,57.3100,57.8600,1232034
2017-04-24,55.1100,56.9400,54.4600,56.9200,1426246
2017-04-21,55.0100,55.8900,54.1500,54.3900,950436
2017-04-20,54.8900,56.4600,54.5900,55.1000,1263560
2017-04-19,56.9200,56.9500,54.0500,54.4400,1119388
2017-04-18,57.6800,57.6800,55.7200,56.1300,905363
2017-04-17,55.5500,57.5800,54.6300,57.3800,1371980
2017-04-13,53.6100,57.6300,53.1000,56.1700,1946731
2017-04-12,54.1700,55.2200,53.5900,53.7400,906020
2017-04-11,55.1200,55.9400,53.4000,54.4800,1694889
2017-04-10,55.4500,57.6800,54.8300,55.2000,1323507
2017-04-07,56.9700,57.2100,53.1900,55.4600,3201505
2017-04-06,60.1200,60.3200,55.5200,56.8300,2643412
2017-04-05,61.4600,62.6600,59.5200,59.6500,1190059
2017-04-04,60.7800,62.0900,60.2400,61.1500,928853
2017-04-03,63.6500,64.3100,60.8000,60.9400,1745182
2017-03-31,62.5300,64.0300,61.5800,63.6700,1200077
2017-03-30,64.5100,64.6800,61.4100,62.8000,1659885
2017-03-29,67.3900,67.8300,64.2500,64.3900,1883386
2017-03-28,68.4200,71.9700,66.7200,67.0600,2508656
2017-03-27,69.3000,71.4400,67.3400,68.3100,2960439
2017-03-24,68.5800,70.9800,68.5400,70.3200,1327294
2017-03-23,67.1600,70.8000,66.2000,68.5300,1897348
2017-03-22,64.8800,69.2100,64.3400,67.1800,1971950
2017-03-21,70.1400,71.1000,64.4600,64.6000,2104437
2017-03-20,71.4500,71.8700,68.9200,70.0500,1571538
2017-03-17,70.6200,73.3400,70.0200,71.3200,2903784
2017-03-16,71.5000,74.9400,70.3900,71.2700,2455723
2017-03-15,66.9500,73.8100,66.7900,71.9300,5616714
2017-03-14,60.1000,68.5800,59.1300,66.9500,5842783
2017-03-13,62.8000,63.0100,60.3500,60.6000,1547052
2017-03-10,60.6000,62.4900,60.0700,62.4000,1334160
2017-03-09,59.2000,62.0500,58.2600,60.3200,1422207
2017-03-08,59.2700,61.4300,58.7600,59.0800,1350430
2017-03-07,60.4300,61.2400,59.6500,60.0600,786132
2017-03-06,61.6700,61.7000,60.1300,61.2000,812636
2017-03-03,60.0000,62.2900,60.0000,62.1700,1115833
2017-03-02,58.9500,61.0400,58.8600,59.8900,1439359
2017-03-01,58.5000,59.8500,58.3200,59.2700,1604588
2017-02-28,60.4000,60.5000,57.5000,57.8100,1951869
2017-02-27,57.6900,61.2400,57.5100,60.9200,1571897
2017-02-24,57.5100,59.3300,56.5600,57.9000,1690426
2017-02-23,62.4100,63.8300,56.8100,57.7100,3280618
2017-02-22,63.0700,63.6700,61.0400,61.1900,1930400
2017-02-21,65.3800,65.5900,62.9000,62.9900,1572682
2017-02-17,61.8600,66.0600,61.5000,65.8000,2950242
2017-02-16,62.1900,63.4900,60.8100,61.3700,1634896
2017-02-15,62.2700,63.4000,62.1700,62.3900,759532
2017-02-14,61.8500,62.7900,61.4000,62.6000,959234
2017-02-13,63.5100,63.7900,61.7700,62.0900,1011384
2017-02-10,64.8900,64.9900,63.1300,63.1300,1379436
2017-02-09,63.4100,66.5300,62.5200,65.1300,1946752
2017-02-08,59.6400,65.1200,58.7200,63.4100,4467314
2017-02-07,61.0000,61.5300,58.6100,60.0000,2093067
2017-02-06,64.1600,65.4400,60.7500,61.0400,2268294
2017-02-03,62.6400,64.4800,61.5000,64.2900,2813363
2017-02-02,65.5500,66.3800,64.7500,65.3600,1319405
2017-02-01,65.0000,67.1600,63.3500,65.1800,2332009
2017-01-31,61.6100,64.9000,60.3600,64.8000,2311855
2017-01-30,62.2400,63.1300,60.0000,61.8300,1972941
2017-01-27,63.2500,64.6500,61.6000,62.5000,2830797
2017-01-26,60.2000,62.9900,56.9000,61.6900,4409159
2017-01-25,59.8800,60.6438,58.1500,58.4200,1648974
2017-01-24,58.9100,59.9900,58.3220,59.4900,1366766
2017-01-23,60.0000,61.0000,57.9700,58.8300,2244831
2017-01-20,56.9700,58.4300,55.4300,58.2900,2219065
2017-01-19,56.7600,59.7400,56.3300,57.1100,2494865
2017-01-18,56.3000,57.4800,55.5500,56.6200,2115626
2017-01-17,54.0000,56.5500,52.9500,56.2600,3032975
2017-01-13,54.1500,57.9300,53.5000,55.4600,4494787
2017-01-12,48.8800,54.3800,48.2500,53.4900,3468629
2017-01-11,50.4800,52.2900,47.9000,49.3300,2842109
2017-01-10,51.0200,51.7200,47.8100,50.3800,2988070
2017-01-09,47.0000,51.2000,47.0000,50.8600,4145823
2017-01-06,46.3500,46.7500,45.8900,46.0300,1631223
2017-01-05,44.6100,46.7800,43.5200,46.3300,2690171
2017-01-04,42.3000,44.9300,41.3100,44.6700,6479785
2017-01-03,43.7000,43.7000,39.8300,42.9500,5010138
2016-12-30,43.8900,44.9600,43.6500,44.4200,1186983
2016-12-29,44.2800,44.5700,43.3800,43.9200,945218
2016-12-28,45.0900,45.4900,43.6350,44.3700,1439412
2016-12-27,45.6500,45.6800,44.2600,45.0500,1255483
2016-12-23,45.3400,45.7900,44.5392,45.3500,1492297
2016-12-22,46.6800,46.8500,44.0400,45.0300,2462761
2016-12-21,42.4000,46.5800,42.0700,46.2000,4423086
2016-12-20,40.4200,43.0000,39.9000,42.5200,4009572
2016-12-19,36.9500,46.9700,36.4000,40.4800,10626781
2016-12-16,36.7100,37.5500,36.5600,37.2000,3120352
2016-12-15,36.1000,37.3600,35.8200,36.7200,841934
2016-12-14,36.0300,37.0750,35.3800,36.0800,999010
2016-12-13,37.6300,38.1000,36.3500,36.4800,765399
2016-12-12,36.0300,37.5000,35.8100,37.3100,1022773
2016-12-09,37.5000,37.7500,36.0300,36.4600,1133656
2016-12-08,38.8200,38.8200,36.5800,37.3400,1097848
2016-12-07,38.7700,39.4000,35.6500,38.4100,1886473
2016-12-06,36.9300,40.3000,36.5100,39.4800,2219174
2016-12-05,36.5000,37.3500,35.7868,37.2400,939231
2016-12-02,35.5100,36.8790,35.3450,36.0300,958803
2016-12-01,34.3200,36.5300,34.2700,35.5600,1739869
2016-11-30,35.7400,36.6900,34.1100,34.2700,1778863
2016-11-29,34.5400,36.4500,34.1600,35.6200,2050341
2016-11-28,37.1500,37.1900,34.0400,34.3900,1840050
2016-11-25,36.9400,37.4700,36.0800,37.3800,522538
2016-11-23,33.9700,36.8700,33.2300,36.7900,1217541
2016-11-22,36.3000,36.6500,34.4700,34.7800,1105904
2016-11-21,35.7300,37.1499,35.4100,36.3100,984423
2016-11-18,36.3600,36.7300,35.2300,35.7300,1117633
2016-11-17,35.0600,36.8300,34.2100,36.3000,1894310
2016-11-16,35.2600,36.0900,34.7300,34.9000,885681
2016-11-15,34.9000,36.0000,34.3010,35.6600,1314307
2016-11-14,34.0700,35.8500,34.0200,35.5000,1727601
2016-11-11,32.3400,34.0700,31.6400,33.9800,1924190
2016-11-10,33.0000,33.5000,31.2300,32.5000,2391209
2016-11-09,28.7500,33.3100,28.1700,32.2000,3852481
2016-11-08,27.0900,27.7900,26.5800,27.3600,1870146
2016-11-07,27.7500,27.8300,26.9600,27.3800,1514245
2016-11-04,26.2600,27.3000,25.8100,27.1000,1645058
2016-11-03,27.9900,28.5300,25.8100,25.9000,2520594
2016-11-02,28.5100,28.5100,27.5500,27.9600,1306860
2016-11-01,29.2000,29.3200,27.3080,28.5300,2001224
2016-10-31,30.4100,30.4100,28.6300,29.0800,1460259
2016-10-28,30.6800,31.1600,29.0600,30.5800,1692180
2016-10-27,30.7800,32.0700,30.5600,30.8700,1883129
2016-10-26,31.0000,32.1600,30.4300,30.6200,1812763
2016-10-25,30.0000,31.9900,29.8900,30.4000,3405323
2016-10-24,34.0100,34.2100,31.8800,32.3100,1470317
2016-10-21,34.1800,34.5800,33.6300,34.2400,1103290
2016-10-20,32.3000,34.9300,32.1200,34.4700,2102494
2016-10-19,32.9200,33.2800,32.5000,32.6000,1181181
2016-10-18,32.2500,33.3699,31.8600,32.9300,1322299
2016-10-17,31.3200,32.2700,30.7300,31.8500,2148558
2016-10-14,33.2000,33.4900,31.7350,31.8100,1421466
2016-10-13,31.9700,33.3900,31.6100,33.1200,2297788
2016-10-12,32.5300,33.9272,32.0500,32.6800,2959270
2016-10-11,32.0800,33.1900,31.6200,32.5800,2989537
2016-10-10,28.0100,32.9800,27.8400,32.4400,6674949
2016-10-07,27.5600,31.4900,25.5000,29.4100,19537046
2016-10-06,37.0700,37.4800,35.0200,35.7700,2278632
2016-10-05,34.6100,38.4600,34.0200,37.2800,5099413
2016-10-04,35.7600,36.9700,34.7200,34.7600,2389963
2016-10-03,36.2000,36.2000,34.5000,35.3500,2267082
2016-09-30,34.6500,36.1500,33.8800,36.0500,2246205
2016-09-29,36.1200,36.5450,34.2100,34.6400,2606369
2016-09-28,37.6100,37.9400,35.6300,36.3400,3469390
2016-09-27,36.8000,38.1399,36.5000,37.4400,2241657
2016-09-26,36.8800,37.4900,36.0600,36.8200,2626852
2016-09-23,39.4000,40.2900,36.8400,37.1400,8169572
2016-09-22,36.4300,38.6900,35.5100,38.3600,6706139
2016-09-21,37.2800,37.6000,33.6200,35.6800,12816132
2016-09-20,31.4400,35.7500,30.7600,34.8300,7847227
2016-09-19,32.6000,33.1600,30.5700,30.9100,3748519
2016-09-16,30.4900,32.6300,30.1400,32.4500,4654488
2016-09-15,29.2900,30.6700,29.0000,30.6300,3169507
2016-09-14,29.4200,30.9500,28.5610,29.1000,4206615
2016-09-13,27.8300,29.4700,27.5810,29.0100,3180534
2016-09-12,27.8300,28.9100,27.2500,28.0500,2892657
2016-09-09,27.2900,28.4000,26.3700,27.6500,4627354
2016-09-08,25.5000,29.7500,25.3500,28.0100,12711122
2016-09-07,23.7500,24.3500,23.6500,24.3500,1021171
2016-09-06,23.5000,24.2400,23.2800,23.7100,976588
2016-09-02,23.1900,23.8300,22.7300,23.4000,1128430
2016-09-01,25.0100,25.3000,23.1380,23.5900,2716679
2016-08-31,24.6800,26.2400,24.2600,24.7700,4560891
2016-08-30,23.4100,24.5700,23.2900,24.2200,1740473
2016-08-29,23.2700,23.9100,22.8500,23.3900,1190274
2016-08-26,23.0100,24.4500,22.5601,23.1500,3441189
2016-08-25,22.6400,23.4000,21.2500,22.7300,3673269
2016-08-24,24.2200,24.9000,21.8500,22.3600,13918420
2016-08-23,18.3000,24.9695,16.6100,23.0300,17497413
2016-08-22,18.0000,18.4500,17.6100,18.1000,2388099
2016-08-19,17.2200,17.2900,16.7400,17.2500,760851
2016-08-18,17.1300,17.4900,16.8100,17.2500,620504
2016-08-17,17.5200,17.6900,16.5800,17.2000,1016679
2016-08-16,17.6500,17.7300,17.1014,17.4600,765097
2016-08-15,16.9400,17.7900,16.7200,17.6700,1088097
2016-08-12,16.1200,16.9250,15.8700,16.8700,862937
2016-08-11,15.9900,16.2450,15.4100,16.2100,771033
2016-08-10,16.5200,16.6500,15.8000,15.9000,661526
2016-08-09,15.8500,16.9600,15.2100,16.5500,1373820
2016-08-08,17.4900,17.7500,15.5500,15.6900,1477834
2016-08-05,15.9000,17.7990,15.6000,17.4100,2868947
2016-08-04,15.3000,15.7400,15.0400,15.4400,975430
2016-08-03,14.6200,15.3500,14.6200,15.2300,788699
2016-08-02,14.9800,15.0500,13.9800,14.6700,840015
2016-08-01,14.4000,15.1000,14.3600,15.0400,806086
2016-07-29,13.9600,14.5000,13.7100,14.2800,401029
2016-07-28,14.5400,14.6900,13.9200,14.0300,445204
2016-07-27,14.0400,14.5400,13.9400,14.4900,593416
2016-07-26,13.8200,14.0000,13.4300,13.9600,635441
2016-07-25,14.2300,14.3700,13.8800,13.9100,545218
2016-07-22,14.6500,14.9700,14.1200,14.1900,508254
2016-07-21,14.6200,15.1200,14.3500,14.5400,799981
2016-07-20,14.2400,14.5700,13.9700,14.5500,693861
2016-07-19,14.4400,14.5200,14.0300,14.1200,416582
2016-07-18,14.3900,14.5800,14.0700,14.5400,460332
2016-07-15,13.9300,14.4800,13.6400,14.3900,583955
2016-07-14,13.9900,14.1700,13.5200,13.8900,386315
2016-07-13,14.8200,14.9300,13.6800,13.7100,619169
2016-07-12,15.0200,15.0200,14.4800,14.7100,682102
2016-07-11,14.8700,15.1150,14.4800,14.7000,556882
2016-07-08,14.6700,14.9800,14.2900,14.7300,680795
2016-07-07,15.2300,15.3499,14.3700,14.7000,1077301
2016-07-06,14.1300,15.2300,14.0900,15.0200,1636345
2016-07-05,14.4500,14.6500,14.1000,14.2400,895541
2016-07-01,13.6500,15.1200,13.4700,14.6900,1512502
2016-06-30,14.6400,14.8799,13.1000,13.7200,3729397
2016-06-29,14.2700,15.3600,13.8900,15.0600,5117467
2016-06-28,11.8900,12.4900,11.7301,12.3550,1157827
2016-06-27,12.9000,13.0099,11.5700,11.5700,1156129
2016-06-24,13.2300,13.8600,12.9900,13.0100,972019
2016-06-23,13.4300,13.9600,13.2700,13.9300,591586
2016-06-22,13.1600,13.8300,12.7500,13.2800,613049
2016-06-21,13.8400,13.9580,12.7800,13.1800,890075
2016-06-20,13.6800,14.2599,13.4700,13.8100,547825
2016-06-17,13.7100,14.2000,13.3700,13.4600,1062123
2016-06-16,13.4100,13.8800,13.0800,13.7700,647355
2016-06-15,13.8800,14.0700,13.5000,13.5400,607256
2016-06-14,13.5500,13.9000,13.3400,13.8300,790974
2016-06-13,14.0000,14.4000,13.5500,13.5700,712762
2016-06-10,14.9000,15.1000,14.0500,14.1100,1053772
2016-06-09,15.7400,15.8900,15.0100,15.2300,649044
2016-06-08,16.3200,16.4300,15.6700,15.8700,828578
2016-06-07,17.1900,17.3350,16.3700,16.3900,1029250
2016-06-06,16.4200,17.3800,16.1100,17.3400,970373
2016-06-03,17.3000,17.4800,16.2600,16.3000,1396236
2016-06-02,17.0500,17.4400,16.9300,17.2700,906436
2016-06-01,16.9300,17.2200,16.6811,17.0500,950390
2016-05-31,16.8000,17.2100,16.3200,16.8300,689164
2016-05-27,16.4500,16.7500,15.7200,16.7000,956458
2016-05-26,16.0000,16.8000,15.9700,16.4400,1300103
2016-05-25,15.6500,16.1100,15.5100,16.0000,1438596
2016-05-24,15.1100,15.8500,14.8100,15.5800,1396558
2016-05-23,14.3500,15.2999,14.3200,14.9100,1134607
2016-05-20,13.7600,14.6500,13.6700,14.5000,931062
2016-05-19,13.7400,14.1000,13.1900,13.6500,1057824
2016-05-18,12.7700,13.8000,12.7301,13.7500,768160
2016-05-17,12.9700,13.2100,12.6600,12.7800,704312
2016-05-16,12.6600,13.3400,12.2100,13.0900,1087085
2016-05-13,12.0900,12.7300,12.0100,12.5000,671075
2016-05-12,12.5100,12.5700,11.5800,12.1700,947828
2016-05-11,13.0100,13.0600,12.3300,12.3900,544376
2016-05-10,13.8500,13.8799,13.0200,13.0900,700203
2016-05-09,13.1500,13.8500,13.1500,13.7400,762370
2016-05-06,12.7400,14.6900,12.5700,13.1100,2399701
2016-05-05,13.1900,13.6599,12.5750,12.6600,1090303
2016-05-04,13.7800,14.0100,12.9400,13.1900,1052367
2016-05-03,14.2600,14.5700,13.9000,13.9500,559819
2016-05-02,13.9800,14.5500,13.7100,14.5400,1112395
2016-04-29,14.5000,14.8200,13.6700,13.9100,1597943
2016-04-28,14.1700,14.9500,13.7900,14.4800,941899
2016-04-27,14.3300,14.4800,13.8600,14.1600,661890
2016-04-26,14.5900,14.6500,13.7600,14.3900,944828
2016-04-25,15.0000,15.1450,14.5600,14.6000,849468
2016-04-22,14.7800,15.0600,14.4800,14.9900,520848
2016-04-21,14.0300,14.9300,14.0100,14.7300,1046935
2016-04-20,14.3200,14.6500,13.7300,14.0600,1018075
2016-04-19,14.2100,14.3500,13.5050,14.1900,1214169
2016-04-18,14.0000,14.8300,13.2600,14.3000,1794870
2016-04-15,13.7700,14.3200,13.5400,13.8400,1777796
2016-04-14,13.5100,14.5100,13.3400,14.2100,2622143
2016-04-13,13.6600,13.7400,12.2900,13.4900,5530252
2016-04-12,12.9100,14.2500,12.2500,14.2400,5359396
2016-04-11,15.9700,16.0500,14.3750,15.0600,4751051
2016-04-08,20.1400,20.9000,15.7500,15.7700,8334580
2016-04-07,18.7000,20.5800,18.6000,19.1700,3480602
2016-04-06,17.7200,18.6000,17.3000,18.5600,2621547
2016-04-05,17.5000,18.0700,16.6900,17.5100,2188813
2016-04-04,19.2200,19.3142,17.2500,17.2600,2655892
2016-04-01,19.0200,19.5500,18.5100,19.3700,1610227
2016-03-31,19.2700,19.7870,18.8500,19.2000,798439
2016-03-30,19.9700,20.9900,18.9600,19.2400,826779
2016-03-29,18.5900,19.8600,17.7600,19.8400,1229491
2016-03-28,19.2100,19.4400,18.4200,18.5800,664241
2016-03-24,18.4500,19.4968,17.8700,19.0300,671423
2016-03-23,20.5000,21.1900,18.5800,18.6200,865291
2016-03-22,19.5200,20.7000,19.5200,20.5600,526749
2016-03-21,19.2700,20.3900,19.1100,19.7600,700151
2016-03-18,18.6100,19.5000,18.1600,19.4400,1118432
2016-03-17,18.9500,19.0000,17.7500,18.4700,693957
2016-03-16,18.9000,19.6200,18.3900,18.9200,820962
2016-03-15,20.2400,20.4300,18.5300,18.9200,846492
2016-03-14,19.5500,20.6094,19.5500,20.2800,517692
2016-03-11,19.2800,19.7200,18.8800,19.6800,700668
2016-03-10,19.8700,20.3000,18.5200,18.9600,764737
2016-03-09,20.8000,21.0300,19.5100,19.7700,710574
2016-03-08,22.4300,22.8600,20.3800,20.6100,855555
2016-03-07,21.5200,22.8450,21.2600,22.5100,772117
2016-03-04,21.5800,22.8500,20.8400,21.5800,1142790
2016-03-03,21.0700,21.9500,20.8300,21.4800,1170949
2016-03-02,19.3600,21.5300,19.0600,20.9400,1883825
2016-03-01,18.8500,19.3999,18.2700,19.3700,908777
2016-02-29,19.8100,19.8250,18.5100,18.6200,954819
2016-02-26,16.7900,19.9500,16.7900,19.7000,1695053
2016-02-25,18.2400,18.5700,17.0700,17.2900,1159398
2016-02-24,17.6300,18.2400,16.7800,18.0800,806559
2016-02-23,18.3700,18.3700,17.5000,17.6300,691860
2016-02-22,18.1400,18.3900,17.6500,18.2600,997784
2016-02-19,17.7500,18.3900,17.1700,17.9200,743033
2016-02-18,19.8900,20.1200,17.4700,17.8100,1229846
2016-02-17,19.7200,20.4500,18.9600,19.8600,1101507
2016-02-16,19.4100,19.8200,18.6100,19.4600,938767
2016-02-12,18.8700,19.1800,17.8000,18.9700,1301673
2016-02-11,18.4600,19.0500,17.9000,18.6000,620362
2016-02-10,18.8500,20.8000,18.5323,18.9800,995849
2016-02-09,18.4200,19.5000,17.7600,18.5600,601811
2016-02-08,19.3400,19.4700,18.0600,18.8100,771178
2016-02-05,20.6000,20.9800,19.6901,19.8700,642356
2016-02-04,19.8300,22.0500,19.8300,20.5500,771916
2016-02-03,19.8900,20.3400,18.6400,20.0800,1039119
2016-02-02,20.8300,20.8350,19.5000,19.7900,798504
2016-02-01,20.9700,21.2850,19.7600,20.9000,1133017
2016-01-29,20.5900,21.6916,19.8700,20.9200,963853
2016-01-28,21.4700,21.9900,20.2622,20.6300,821302
2016-01-27,22.1000,22.4600,21.0700,21.2600,885912
2016-01-26,23.0100,23.3900,21.8000,22.3900,1039367
2016-01-25,22.3000,24.1800,22.1200,22.9900,1576881
2016-01-22,22.4600,22.7500,21.3700,22.5500,1199968
2016-01-21,23.2500,23.4600,21.5600,21.7100,1112435
2016-01-20,21.2900,22.8800,19.8000,22.2800,2061891
2016-01-19,22.9000,23.4200,21.1701,21.8100,1217672
2016-01-15,22.7900,23.3900,21.7800,22.5200,1400756
2016-01-14,24.5200,25.2000,21.7750,23.8200,2042661
2016-01-13,27.6000,27.7800,24.0000,24.1800,1521713
2016-01-12,26.8300,28.1300,26.1250,27.4500,1159472
2016-01-11,29.3700,29.7555,25.3300,26.1400,1817961
2016-01-08,30.1500,31.4600,29.0300,29.1700,749421
2016-01-07,29.5700,30.3500,29.1800,29.8300,1183974
2016-01-06,31.1300,31.7700,30.2200,30.8000,996934
2016-01-05,33.5000,34.0000,31.3300,31.7000,1192106
2016-01-04,34.2400,34.7500,32.8400,33.3700,1282384
2015-12-31,34.2800,35.5800,33.7500,35.0000,918977
2015-12-30,35.0000,36.4200,34.2700,34.4000,1044768
2015-12-29,33.5300,35.2500,33.1597,35.0200,1224437
2015-12-28,33.9900,34.0200,32.5800,33.2700,983431
2015-12-24,33.9400,34.1900,32.8400,34.1400,667578
2015-12-23,33.7500,34.1500,33.3300,33.8600,568931
2015-12-22,33.4500,33.8900,32.8300,33.6400,737746
2015-12-21,32.8400,33.6500,32.1000,33.4500,773186
2015-12-18,33.3000,34.4899,32.6700,32.8000,3381983
2015-12-17,33.1700,35.8800,33.1700,33.3600,3147197
2015-12-16,33.5300,33.5300,31.7100,32.5300,2235981
2015-12-15,31.2000,33.9500,31.2000,33.4200,1443472
2015-12-14,31.8500,32.1900,30.9100,31.1500,1099911
2015-12-11,32.1100,32.6500,31.2100,31.9500,989666
2015-12-10,32.4000,33.3700,32.2500,32.7600,869980
2015-12-09,32.6700,33.5550,32.1500,32.7100,1354650
2015-12-08,31.5000,33.3800,31.2000,32.9700,1058517
2015-12-07,33.5600,33.7800,31.0600,31.8400,1330713
2015-12-04,33.2500,34.7230,32.6300,33.9400,1456896
2015-12-03,34.0200,34.3599,32.6700,33.2700,1873564
2015-12-02,31.6300,35.7600,31.6100,33.8100,4339050
2015-12-01,31.5000,33.2000,30.5700,32.0500,3270152
2015-11-30,32.0000,32.0000,29.6200,31.4500,2952755
2015-11-27,30.0300,32.5000,29.8000,32.2200,3429761
2015-11-25,27.3700,29.8000,26.8300,29.1600,4539810
2015-11-24,25.7300,28.6500,25.5401,27.8300,5984738
2015-11-23,26.4100,26.6600,24.5000,25.7100,4072830
2015-11-20,26.8200,27.6100,26.3400,26.4100,1964720
2015-11-19,26.8000,27.7000,25.9100,26.8100,2720851
2015-11-18,27.5000,27.7800,26.0200,26.9900,3767500
2015-11-17,29.0000,29.4000,26.0500,26.8100,12056124
2015-11-16,29.2700,35.9300,26.0500,30.2400,30660409
2015-11-13,99.2700,100.9300,96.2700,99.4300,712892
2015-11-12,99.4200,102.7100,99.1600,99.4100,533038
2015-11-11,106.5300,106.7302,99.2150,100.2800,675408
2015-11-10,99.4600,108.4900,96.5700,105.8900,1042438
2015-11-09,98.8900,103.0810,98.3501,99.1700,619361
2015-11-06,98.2600,103.0199,95.3201,99.2200,1044464
2015-11-05,103.7500,104.7430,100.9000,103.5500,760702
2015-11-04,104.8600,106.3900,101.8100,104.7500,698117
2015-11-03,106.0000,109.0000,103.1279,104.8800,798114
2015-11-02,100.8100,109.1800,99.4750,106.2000,1114992
2015-10-30,100.8000,102.8800,97.3353,99.9100,534081
2015-10-29,101.3800,104.8000,99.2110,100.2600,666199
2015-10-28,97.1900,101.3800,95.0100,101.3000,679308
2015-10-27,95.7000,98.2300,95.0000,97.8800,491419
2015-10-26,96.2400,98.7200,94.0100,95.7800,548263
2015-10-23,94.1200,96.7500,92.6300,96.5200,643318
2015-10-22,93.2600,94.1700,90.5000,93.2400,546097
2015-10-21,95.9200,96.9000,87.7500,92.8000,785284
2015-10-20,98.3100,99.1850,93.5600,95.0200,581948
2015-10-19,97.0900,100.3200,93.5900,98.2000,711187
2015-10-16,101.7000,103.4299,95.0200,97.0300,721737
2015-10-15,91.9100,101.8300,91.1000,101.4800,1133038
2015-10-14,91.0100,94.1600,89.0200,92.7800,554957
2015-10-13,90.4800,95.0000,89.0000,90.5900,714206
2015-10-12,93.8600,94.7350,89.3300,90.6900,457469
2015-10-09,92.5000,95.5000,91.0600,93.6000,988181
2015-10-08,91.7100,94.4000,85.0000,89.9800,1155719
2015-10-07,90.6300,94.5500,88.0400,91.7500,802155
2015-10-06,93.4200,93.9286,88.0000,90.3900,728094
2015-10-05,95.6200,96.4650,90.6540,93.6000,582301
2015-10-02,89.8500,95.0000,89.0400,94.8500,730571
2015-10-01,91.4100,92.7600,88.5600,92.0100,992772
2015-09-30,91.7700,94.7600,89.4201,91.9600,1148930
2015-09-29,90.8800,96.5300,87.5001,89.0300,893500
2015-09-28,93.2400,96.3400,88.0800,90.5400,1087739
2015-09-25,100.4900,101.2099,91.6400,93.3500,740452
2015-09-24,99.7200,100.2830,95.3500,99.8600,518080
2015-09-23,100.5700,102.3000,96.5900,99.7200,1270992
2015-09-22,100.1200,102.4020,98.1300,100.2400,1263250
2015-09-21,115.8500,115.8500,102.4000,105.4500,1344569
2015-09-18,112.5600,116.6500,111.4650,114.3900,1538745
2015-09-17,109.2600,116.7500,108.1000,114.6400,1112415
2015-09-16,109.2100,109.8710,106.0400,108.7100,560187
2015-09-15,105.2700,109.0000,103.7112,108.5500,680915
2015-09-14,104.1000,104.8200,101.4950,104.6100,824453
2015-09-11,103.4500,105.4200,102.5500,104.1000,1273136
2015-09-10,96.3900,105.5700,95.6900,104.2600,2108255
2015-09-09,87.0000,100.8200,87.0000,96.0500,3093149
2015-09-08,85.6000,85.6000,81.9200,84.3800,571738
2015-09-04,80.3100,84.5600,79.5800,83.8300,396543
2015-09-03,84.1000,85.6899,80.6450,81.3900,504956
2015-09-02,80.0000,83.4200,77.6800,83.3600,517405
2015-09-01,76.1800,81.9900,75.1310,79.0000,756096
2015-08-31,79.2700,80.9400,77.5000,77.8600,621755
2015-08-28,75.5700,80.7600,75.5700,80.5400,677739
2015-08-27,72.5000,76.6100,72.0900,76.0800,709710
2015-08-26,71.4700,71.7000,67.0300,71.5100,1150793
2015-08-25,70.9100,71.4900,68.0100,69.5000,1138597
2015-08-24,66.8400,72.8800,65.0000,67.0200,856419
2015-08-21,71.7800,74.6200,69.6386,72.6800,602164
2015-08-20,75.9900,76.4000,73.1400,73.2300,736238
2015-08-19,78.4900,79.3200,75.6880,76.6100,512948
2015-08-18,80.4000,81.3900,79.0450,79.5600,399708
2015-08-17,77.5200,80.6000,76.1400,80.3200,394436
2015-08-14,76.8500,78.0900,74.3400,77.0700,366429
2015-08-13,78.6100,80.3900,76.8700,77.2500,272218
2015-08-12,77.9000,79.6200,75.5100,78.8100,502738
2015-08-11,78.0000,80.2500,77.0500,78.4700,459422
2015-08-10,81.6800,82.4800,78.8200,79.8100,536164
2015-08-07,82.4700,84.8600,78.0200,80.5400,870577
2015-08-06,86.2400,86.5130,81.6600,83.1700,491448
2015-08-05,87.5000,87.7000,85.5900,86.5400,320031
2015-08-04,86.4400,87.4100,85.2700,86.8500,531809
2015-08-03,84.5300,87.9200,84.5300,85.6500,671722
2015-07-31,83.8500,86.4800,82.4200,84.4300,664343
2015-07-30,85.7200,86.1800,83.2500,83.9600,422808
2015-07-29,86.8700,87.0000,84.0600,85.5400,466589
2015-07-28,83.5200,86.9800,81.9450,86.7400,564446
2015-07-27,81.8600,83.9531,81.0200,82.9200,628431
2015-07-24,85.2500,86.6100,82.2100,82.6100,450557
2015-07-23,86.4500,86.6500,84.1100,85.9600,410306
2015-07-22,84.9500,86.4000,84.3000,86.0200,407352
2015-07-21,86.0000,87.2567,83.1040,86.1600,712510
2015-07-20,91.7200,91.8199,85.0400,86.0600,814570
2015-07-17,87.7200,88.4500,85.6950,87.0600,570944
2015-07-16,88.7500,90.0000,87.1300,87.3700,1050003
2015-07-15,88.4300,92.5500,87.7500,88.5600,939824
2015-07-14,85.4500,88.4700,84.2000,87.4900,664076
2015-07-13,80.4300,85.8300,80.2450,84.6100,810389
2015-07-10,78.6100,81.2000,78.2600,80.0200,810136
2015-07-09,78.9600,79.2500,77.0000,78.2000,2859752
2015-07-08,82.1800,83.7868,77.7500,79.0300,750623
2015-07-07,84.7700,86.4000,82.7700,85.7600,389659
2015-07-06,82.1600,85.2500,80.7700,84.8300,373741
2015-07-02,85.9300,85.9300,82.2200,82.9400,522851
2015-07-01,88.7800,89.6200,84.6150,85.8800,482115
2015-06-30,85.3800,88.0100,83.3300,87.8800,534425
2015-06-29,84.8700,86.9400,83.6200,83.8100,396192
2015-06-26,86.5200,87.4900,84.0000,86.0200,365471
2015-06-25,86.6500,87.6700,85.0400,86.1200,264146
2015-06-24,88.2800,88.6699,85.2201,85.8900,553995
2015-06-23,92.8400,93.4000,87.4500,88.3150,761141
2015-06-22,92.7500,93.3900,90.2200,93.1900,537455
2015-06-19,90.8000,93.3700,90.8000,93.1900,645303
2015-06-18,89.2900,91.4799,88.6400,91.1800,499237
2015-06-17,85.8000,89.7086,85.1500,88.3800,599142
2015-06-16,84.9800,86.3400,84.4671,85.1500,292648
2015-06-15,83.5000,85.4600,82.0200,84.9100,446287
2015-06-12,86.6000,86.6000,83.3000,83.3200,621657
2015-06-11,86.9200,87.7440,85.6000,87.1500,314792
2015-06-10,85.0800,86.8300,82.6500,86.3300,458939
2015-06-09,84.9800,86.0000,83.5400,85.5900,391560
2015-06-08,84.8100,86.5000,84.2000,84.7900,502327
2015-06-05,83.5000,86.7700,83.2000,85.9800,701811
2015-06-04,83.4000,84.8100,82.0200,83.5700,568505
2015-06-03,83.0000,85.3800,83.0000,84.4200,1226531
2015-06-02,86.5300,86.9000,82.5200,82.8100,1065377
2015-06-01,85.8000,91.2500,83.5100,87.0000,2391584
2015-05-29,90.7900,93.2500,89.5000,92.4400,768301
2015-05-28,93.1000,93.4400,89.5500,90.6000,637114
2015-05-27,92.7800,93.8100,92.0800,93.8000,668691
2015-05-26,90.5200,92.9800,90.5000,92.2100,808086
2015-05-22,90.2500,92.7300,90.1000,90.7600,689471
2015-05-21,91.8800,92.8300,90.0200,90.5300,438964
2015-05-20,91.5400,92.9600,89.0200,91.6700,501775
2015-05-19,93.3600,93.3600,90.6800,91.1800,497267
2015-05-18,92.9800,95.8900,91.5600,93.3600,652274
2015-05-15,97.3100,98.2400,91.1800,92.7400,2213785
2015-05-14,85.3400,102.2800,82.3400,100.4000,3451685
2015-05-13,86.4400,86.8920,83.7200,86.0000,619606
2015-05-12,85.2800,86.5500,83.5000,85.8400,711008
2015-05-11,82.7800,86.6400,82.4100,86.5800,738491
2015-05-08,79.8800,83.0600,79.4199,82.8700,737050
2015-05-07,78.2600,81.0000,75.8900,78.4900,801730
2015-05-06,80.3600,82.3200,78.3400,79.9100,634846
2015-05-05,81.8000,82.3600,79.0600,79.7200,709382
2015-05-04,81.8400,85.9100,81.2400,81.9600,785840
2015-05-01,81.1200,84.4999,80.3900,82.0900,664820
2015-04-30,82.2500,84.6500,78.3100,80.3600,772252
2015-04-29,83.0200,85.3045,78.7200,82.4800,566947
2015-04-28,84.0200,86.1900,79.2900,83.1100,649210
2015-04-27,92.1900,92.1900,83.5000,83.7100,774395
2015-04-24,90.2000,92.5997,88.8687,92.0300,676240
2015-04-23,86.0300,90.4800,85.1600,90.2500,757712
2015-04-22,86.8800,87.6850,83.2500,85.0400,827226
2015-04-21,86.7600,87.5000,85.2500,86.4000,452792
2015-04-20,87.0000,87.1280,84.1900,85.9200,629922
2015-04-17,87.5000,87.6000,82.0300,86.1500,1172805
2015-04-16,92.3400,94.8795,89.7400,90.9900,935173
2015-04-15,87.0000,93.8000,86.0300,92.8500,1154377
2015-04-14,88.0000,88.2200,85.3000,86.3500,696812
2015-04-13,84.5000,89.9800,84.0200,87.4900,2816581
2015-04-10,75.0900,78.1605,74.8500,77.4000,404774
2015-04-09,76.0500,76.8200,73.2300,74.8000,335584
2015-04-08,74.5400,76.2600,73.5100,76.2000,526881
2015-04-07,74.4900,77.2200,72.5000,74.1000,2060053
2015-04-06,69.1300,70.7900,68.4000,68.6400,419335
2015-04-02,71.1200,71.7300,69.1300,69.5200,388000
2015-04-01,74.3800,74.8000,69.8400,71.1200,629591
2015-03-31,74.6700,75.8100,74.1400,74.2300,273024
2015-03-30,74.5200,75.3800,73.3900,74.9500,258635
2015-03-27,72.3400,74.2800,71.5200,73.4450,326150
2015-03-26,71.2900,74.2100,69.1300,72.2150,625659
2015-03-25,75.7000,76.4400,70.5100,72.0100,746831
2015-03-24,76.1500,78.3300,74.7500,75.0950,340711
2015-03-23,78.0000,78.2800,74.0300,75.9000,532723
2015-03-20,82.0000,82.1800,77.5400,78.2600,835545
2015-03-19,80.8500,82.1100,80.6900,81.4300,396078
2015-03-18,82.6800,83.1700,80.4694,80.9200,508584
2015-03-17,81.2100,83.4600,79.4500,83.3000,449723
2015-03-16,78.2400,82.2900,77.7800,81.7800,656379
2015-03-13,79.2200,80.4900,77.5400,77.9800,329420
2015-03-12,78.9500,79.8000,75.3000,79.2800,364893
2015-03-11,79.0000,80.1500,76.0700,78.7100,382365
2015-03-10,77.5000,80.0000,76.5100,78.8700,336403
2015-03-09,79.1400,80.4700,78.0201,78.6900,457085
2015-03-06,78.9100,80.1600,77.3700,79.1900,383490
2015-03-05,77.8400,80.3800,77.0000,79.6600,891685
2015-03-04,75.4100,77.7000,73.5800,77.4000,353946
2015-03-03,78.2500,78.8780,74.2400,75.5500,562744
2015-03-02,76.6500,79.5900,76.1200,79.0500,584338
2015-02-27,77.1500,78.3600,75.0600,76.4600,406695
2015-02-26,74.4000,79.8000,74.0000,77.8900,561035
2015-02-25,73.4400,76.9900,71.9100,76.5500,509361
2015-02-24,73.6800,73.9200,71.5700,73.2300,350261
2015-02-23,73.9500,75.4100,72.8250,73.7100,351442
2015-02-20,75.2100,75.6660,72.9210,73.8000,398284
2015-02-19,74.1000,75.3200,72.4000,75.1600,452484
2015-02-18,73.2300,74.3600,71.0701,73.8650,558957
2015-02-17,69.0000,73.2000,68.7129,73.0200,727664
2015-02-13,68.2400,69.8200,66.8150,68.7900,442673
2015-02-12,68.4300,68.9800,66.4600,68.0800,381949
2015-02-11,69.1500,70.2800,67.5750,67.9900,329961
2015-02-10,67.1900,69.7100,66.3700,69.5600,367818
2015-02-09,66.2100,67.7300,65.0400,66.3900,222974
2015-02-06,67.1800,68.7100,65.0200,66.4200,398503
2015-02-05,63.8800,67.3200,63.3500,66.9050,309065
2015-02-04,64.4800,64.5500,61.6200,63.3400,558810
2015-02-03,65.1500,65.3070,63.1300,65.1300,397152
2015-02-02,65.2800,66.2500,63.2900,64.9100,426427
2015-01-30,65.6700,66.9900,64.2300,65.1900,352836
2015-01-29,65.3200,66.5000,63.2600,66.0800,404965
2015-01-28,69.2300,70.0200,64.6250,65.3900,450128
2015-01-27,67.7300,69.9700,66.6500,68.4450,315495
2015-01-26,64.2500,68.7700,64.2500,68.7600,369746
2015-01-23,65.6400,66.2800,63.5000,64.7400,518649
2015-01-22,66.9000,66.9000,61.5100,65.6200,867781
2015-01-21,68.0000,71.1800,65.4600,66.5400,851852
2015-01-20,67.7500,68.8500,65.7501,68.4900,551358
2015-01-16,63.2400,67.7700,63.1450,67.5600,985906
2015-01-15,63.8600,65.2000,62.0400,63.5900,1305791
2015-01-14,60.2100,64.9799,60.1400,63.7800,1554321
2015-01-13,58.9500,62.4600,58.0200,61.3400,1519034
2015-01-12,59.4600,59.9500,55.9700,57.9500,432367
2015-01-09,59.4200,59.6300,58.0001,59.0500,448854
2015-01-08,58.9800,59.3700,57.4721,58.9600,423988
2015-01-07,56.4200,59.2000,55.5900,58.2000,458852
2015-01-06,56.4200,57.2800,54.8800,55.7800,539657
2015-01-05,56.7100,58.2200,55.2600,55.9900,384844
2015-01-02,56.7000,57.6400,55.7801,56.9800,427438
2014-12-31,55.4700,57.5400,55.4700,56.0000,228646
2014-12-30,55.7150,56.5800,55.0100,55.1500,200634
2014-12-29,56.5000,57.9700,55.1000,55.9700,287087
2014-12-26,54.5300,56.9300,54.5300,56.2500,171796
2014-12-24,54.2600,55.6700,53.1500,54.5800,169357
2014-12-23,57.3400,57.3400,53.4200,54.1500,555851
2014-12-22,56.4500,57.4399,55.2500,56.9300,360377
2014-12-19,57.5400,58.7100,56.4200,56.6400,1138826
2014-12-18,56.8100,57.7200,55.9800,57.6800,589320
2014-12-17,53.3100,55.8399,52.6210,55.7800,609116
2014-12-16,52.8200,55.7900,51.5200,53.2800,522563
2014-12-15,55.6900,55.8499,52.5900,53.1900,765044
2014-12-12,53.9400,55.5700,53.9100,55.1500,368241
2014-12-11,53.5300,55.0800,53.0700,54.8300,579742
2014-12-10,53.4900,54.5000,52.8800,53.2100,558546
2014-12-09,50.6200,53.8090,49.6101,53.4700,553749
2014-12-08,51.1000,52.3500,50.6700,51.6400,516540
2014-12-05,48.7000,51.2600,48.5000,51.0500,572142
2014-12-04,48.5800,49.4800,48.2100,48.6300,342456
2014-12-03,49.0200,49.9900,48.3200,48.7800,423171
2014-12-02,47.0000,48.9200,47.0000,48.7400,556035
2014-12-01,47.4000,47.4000,45.5000,46.7700,722601
2014-11-28,48.5000,48.6500,47.4300,47.5800,183914
2014-11-26,47.3100,48.6700,47.0700,48.2000,631824
2014-11-25,48.2800,48.3100,47.0800,47.4500,806120
2014-11-24,48.9800,49.3199,48.0600,48.2800,770804
2014-11-21,50.6600,51.5600,47.6700,48.6000,1055743
2014-11-20,48.3300,50.8000,48.2950,50.7900,1083389
2014-11-19,50.0000,52.3700,47.5600,48.2800,3418853
2014-11-18,53.6600,54.5500,53.2600,53.7800,691547
2014-11-17,54.6100,55.1900,53.2500,53.3300,540074
2014-11-14,56.9500,56.9500,54.5500,54.8900,529766
2014-11-13,58.6800,59.7700,56.0300,56.8000,678098
2014-11-12,60.9200,61.4800,57.5500,58.4400,919593
2014-11-11,60.2500,61.4300,59.6200,61.3100,607135
2014-11-10,58.2500,60.1500,57.5100,60.1400,766909
2014-11-07,56.2300,58.7400,54.5400,58.3100,890415
2014-11-06,57.4400,59.0000,56.6700,58.5700,534651
2014-11-05,59.5700,59.5700,56.3600,57.1400,528516
2014-11-04,59.7000,60.2100,56.5710,58.9500,674287
2014-11-03,59.5300,60.9650,58.9400,60.2300,459597
2014-10-31,60.0300,62.2000,59.1100,59.6600,828432
2014-10-30,57.0800,59.2900,56.5900,59.1600,583667
2014-10-29,58.9700,59.4900,56.9200,57.2400,613398
2014-10-28,56.0700,59.9200,55.9500,59.0500,1293404
2014-10-27,55.3100,55.8650,53.7290,55.7000,585710
2014-10-24,53.7300,55.8500,53.4100,55.5800,669021
2014-10-23,52.1600,54.5400,51.9501,54.0500,814907
2014-10-22,50.7400,52.1299,49.4300,51.4400,717556
2014-10-21,49.7700,51.5000,48.9100,51.0900,1437356
2014-10-20,48.0800,49.6500,48.0800,49.3400,475598
2014-10-17,47.9800,49.3700,47.2500,48.5100,819961
2014-10-16,42.9400,47.3800,42.2260,46.7600,919518
2014-10-15,42.1200,44.5400,40.6600,44.2200,749936
2014-10-14,43.0900,44.6550,41.6000,42.8500,616086
2014-10-13,44.4500,46.0300,41.9400,42.7500,835422
2014-10-10,47.5200,48.4300,44.4900,44.6700,916114
2014-10-09,48.0000,48.5900,46.6000,47.5000,717231
2014-10-08,46.7700,47.8100,45.3200,47.7700,615521
2014-10-07,47.0200,48.0500,46.0000,46.7800,563714
2014-10-06,48.7900,49.4599,47.3000,47.3700,728387
2014-10-03,48.5500,49.1600,47.9000,48.8000,580230
2014-10-02,46.2500,48.2400,45.8800,48.0100,906851
2014-10-01,45.3000,46.5700,44.6600,46.3700,910294
2014-09-30,47.7400,48.1599,44.8900,45.3600,1176771
2014-09-29,43.7000,49.2999,43.5300,48.0800,2351073
2014-09-26,40.1100,42.6900,40.1100,42.4900,605507
2014-09-25,41.5000,41.8800,39.4500,40.0200,937103
2014-09-24,41.7100,42.1599,41.3197,41.8300,381630
2014-09-23,41.8400,42.9650,40.9900,41.5800,1184100
2014-09-22,44.0500,44.0500,41.4200,42.2700,916100
2014-09-19,45.4700,45.8200,43.6600,44.5400,820900
2014-09-18,46.1400,46.4100,44.5000,45.3500,661900
2014-09-17,45.3600,46.4800,44.2000,46.0100,807700
2014-09-16,44.0300,44.8800,43.3900,44.0400,468400
2014-09-15,46.0000,46.0000,43.5200,44.2500,609700
2014-09-12,45.9300,46.4600,45.3100,46.0800,465600
2014-09-11,45.4800,46.4899,44.5000,46.0800,1231200
2014-09-10,43.6500,45.7000,43.2500,45.5500,883000
2014-09-09,43.5700,45.1800,42.9750,43.9000,1048700
2014-09-08,43.2500,44.0000,42.8000,43.8200,844400
2014-09-05,43.7400,44.0100,41.7700,43.3400,1331800
2014-09-04,45.1400,45.1500,43.4900,44.0100,1794200
2014-09-03,46.1100,46.7500,44.0001,45.0000,1972300
2014-09-02,48.0900,49.5300,47.5200,48.3000,647800
2014-08-29,47.6800,48.7500,47.0200,47.5600,388800
2014-08-28,48.4200,49.4900,47.1900,47.7500,529000
2014-08-27,49.7900,50.8700,48.2700,48.6100,704800
2014-08-26,46.8200,50.3200,46.3900,49.8900,1164500
2014-08-25,43.8700,46.7300,43.7900,46.6800,1013100
2014-08-22,41.9800,43.8700,41.6600,43.8200,519400
2014-08-21,43.6000,43.9800,41.8388,41.9400,562900
2014-08-20,43.2800,43.7900,42.8000,43.6000,495200
2014-08-19,44.1600,44.1600,42.6000,43.5400,282200
2014-08-18,44.2300,44.4800,43.6900,44.0100,341900
2014-08-15,43.7100,44.5600,43.2800,44.2200,595000
2014-08-14,42.7500,43.4800,42.3600,43.3300,541800
2014-08-13,42.0100,44.0400,42.0100,42.7400,796700
2014-08-12,41.4100,42.0800,41.0800,41.8900,439700
2014-08-11,40.9900,42.2660,40.0000,41.6100,670500
2014-08-08,37.3500,42.0700,37.0200,40.8800,1380600
2014-08-07,37.4000,37.5100,36.3100,36.8800,331500
2014-08-06,36.9800,38.0000,36.5900,37.2920,417900
2014-08-05,35.7600,38.0100,35.5200,37.1500,518800
2014-08-04,37.1700,37.3500,35.3300,36.2400,597400
2014-08-01,36.3100,37.3500,35.7101,36.8000,708100
2014-07-31,38.0700,38.4400,36.3700,36.4500,529500
2014-07-30,39.5200,39.7500,38.3900,38.4800,364400
2014-07-29,36.7000,39.1100,36.7000,39.0000,382900
2014-07-28,37.6300,37.8599,36.2800,36.6100,369800
2014-07-25,36.6800,37.7700,36.5000,37.6800,274600
2014-07-24,36.9000,37.1100,36.0200,37.0100,693900
2014-07-23,36.6900,37.3000,35.9150,36.8500,856000
2014-07-22,37.4600,37.5700,36.2500,36.3600,464600
2014-07-21,37.4000,37.7000,36.6901,37.3900,479000
2014-07-18,36.3900,37.8500,35.9200,37.6300,668500
2014-07-17,37.2100,37.3800,35.8600,36.4400,971700
2014-07-16,38.9000,39.1100,36.7680,37.3000,1077500
2014-07-15,39.5500,40.9800,38.2500,38.6500,891500
2014-07-14,38.9600,40.2200,37.8500,39.6700,467700
2014-07-11,38.3500,38.7700,37.3600,38.6800,393700
2014-07-10,37.4700,38.5800,36.6200,38.4300,577500
2014-07-09,38.2100,39.1500,37.1656,38.3000,625400
2014-07-08,40.6000,40.6500,37.8200,37.9220,758100
2014-07-07,42.5000,42.7000,40.4000,40.6500,587000
2014-07-03,41.7700,42.8900,41.4100,42.7700,351300
2014-07-02,41.5500,42.8300,41.1100,41.5000,573500
2014-07-01,41.9300,42.8900,41.0400,41.4900,888900
2014-06-30,42.2900,42.8000,41.0900,41.4100,554500
2014-06-27,41.2100,42.8250,41.1600,42.5300,1244300
2014-06-26,41.6500,42.4800,41.2400,41.5600,380100
2014-06-25,40.7600,42.2400,40.6500,42.0000,425700
2014-06-24,41.1600,42.6700,40.7600,41.2100,518600
2014-06-23,41.7500,43.1100,41.0100,41.1000,479600
2014-06-20,42.7100,42.9900,40.8800,41.5700,1024000
2014-06-19,43.2900,43.3100,42.0200,42.4200,420100
2014-06-18,44.0400,44.7000,42.7100,42.9400,715000
2014-06-17,44.0000,44.7400,43.0800,43.7900,825400
2014-06-16,45.1400,45.8425,43.6000,43.8600,910400
2014-06-13,44.6900,45.9400,43.6100,45.2900,656500
2014-06-12,43.3400,45.0400,42.8300,44.5200,763500
2014-06-11,43.7400,45.1500,43.2800,43.8000,964800
2014-06-10,41.3900,45.7000,41.1100,44.7400,1881500
2014-06-09,39.9200,41.7500,39.5800,41.6600,969200
2014-06-06,40.9500,41.6200,39.5800,39.9200,922600
2014-06-05,39.6500,41.7500,39.1200,40.7700,2825800
2014-06-04,38.2300,38.8200,36.1100,38.4000,3105100
2014-06-03,41.8500,43.4000,38.2200,38.2300,5390000
2014-06-02,48.1500,48.4100,45.0301,47.7500,2052700
2014-05-30,52.8400,52.9799,50.8700,51.2100,810200
2014-05-29,49.1500,53.2800,49.1400,51.5500,1139700
2014-05-28,51.3700,52.5400,48.8201,48.9800,1120300
2014-05-27,58.5900,58.7200,50.5100,51.7800,2444100
2014-05-23,57.5400,59.0900,56.5300,57.0000,512600
2014-05-22,54.8600,58.5000,54.7500,57.9100,472200
2014-05-21,57.1500,57.9400,54.4000,54.6800,577200
2014-05-20,60.2100,61.7000,55.6400,56.8800,1128700
2014-05-19,55.5600,57.5800,55.0300,56.7700,387600
2014-05-16,58.0600,59.3200,54.5300,55.9600,782600
2014-05-15,55.1100,60.5000,55.1000,59.2500,1965500
2014-05-14,51.2600,54.3400,50.4800,51.0900,905300
2014-05-13,51.1600,53.0800,50.9400,51.4500,777200
2014-05-12,48.2500,51.9200,48.2400,51.2000,665500
2014-05-09,49.3000,50.3900,46.4200,47.8300,1049700
2014-05-08,51.0000,51.5000,49.1400,49.3200,695000
2014-05-07,51.9100,52.2800,50.2500,50.8900,575600
2014-05-06,53.4500,53.8700,51.0500,52.0700,728900
2014-05-05,52.7500,54.4400,51.9200,53.7700,506700
2014-05-02,55.0300,55.3000,52.5900,53.3400,399600
2014-05-01,53.8100,55.9100,52.6200,54.5400,759600
2014-04-30,53.7100,55.3200,52.1000,54.0700,598800
2014-04-29,50.8700,53.5400,50.8600,53.1500,851100
2014-04-28,51.9500,52.8500,49.6200,51.8100,573800
2014-04-25,54.4700,54.4700,50.2600,51.5000,592200
2014-04-24,53.7100,56.0575,50.4400,54.9100,801800
2014-04-23,54.9600,55.5150,52.9105,53.5000,464700
2014-04-22,55.3100,56.7950,54.6600,55.0200,725900
2014-04-21,54.7300,55.8899,53.5200,54.5400,356300
2014-04-17,56.1000,56.5590,53.6600,54.8500,514900
2014-04-16,56.7500,57.3900,54.9100,56.2200,610800
2014-04-15,54.9100,57.1200,49.7700,56.2700,1323600
2014-04-14,58.0300,58.2000,52.8900,54.9200,829800
2014-04-11,60.5700,62.2900,56.1200,57.2800,869900
2014-04-10,66.0100,66.4250,60.5000,61.5600,1006900
2014-04-09,65.5000,68.7000,65.1400,66.7300,449900
2014-04-08,64.4900,66.6500,63.5547,65.5300,397600
2014-04-07,64.3700,66.7200,62.6810,64.6100,486100
2014-04-04,66.9300,70.1000,63.5000,64.6600,584800
2014-04-03,71.0500,71.2700,65.7500,66.4000,475200
2014-04-02,71.5300,72.2400,67.6100,69.2200,472300
2014-04-01,69.4700,72.4750,68.3700,71.0300,566600
2014-03-31,70.6100,71.5850,67.6610,69.2700,735800
2014-03-28,80.1300,80.2500,68.5600,70.3300,1889100
2014-03-27,77.5000,80.8800,72.5000,80.3200,2348900
2014-03-26,75.1500,80.7350,74.0600,77.5000,960800
2014-03-25,73.8400,75.9000,71.1901,73.8700,400400
2014-03-24,79.1100,82.1899,72.5000,73.5200,847900
2014-03-21,85.8000,86.7400,78.5800,79.9100,773500
2014-03-20,86.3800,87.2300,84.0000,85.8000,170900
2014-03-19,85.3300,87.1800,83.2901,86.7600,261700
2014-03-18,81.5500,86.1500,81.5500,85.0400,298800
2014-03-17,82.1700,84.3525,80.7800,81.3600,193200
2014-03-14,80.9000,82.5900,80.0500,81.4000,186800
2014-03-13,83.6600,84.4365,80.0000,81.4800,242200
2014-03-12,81.1200,84.5700,80.1200,83.0200,217700
2014-03-11,83.4600,85.0500,81.1000,81.8700,173000
2014-03-10,84.0000,84.1580,79.5000,83.7700,316500
2014-03-07,86.1500,86.4600,81.0500,83.8300,408500
2014-03-06,92.4100,93.3300,85.0600,85.4000,637200
2014-03-05,87.9900,88.9900,86.6900,88.9700,458000
2014-03-04,84.2100,87.0300,84.2100,86.9200,449500
2014-03-03,78.7800,85.2870,76.7900,83.4900,737100
2014-02-28,81.1000,88.9900,79.0100,79.6200,2506000
2014-02-27,78.0000,79.2300,76.6000,78.3800,445900
2014-02-26,76.8700,79.6700,76.6100,78.3600,474600
2014-02-25,76.8800,77.3000,75.1500,76.9000,253800
2014-02-24,75.3400,78.2800,75.3250,76.6100,357900
2014-02-21,73.5100,76.3799,73.3210,75.0900,379100
2014-02-20,72.4800,73.5000,71.0301,73.1300,507400
2014-02-19,70.6500,75.4190,70.6500,72.4100,691800
2014-02-18,68.2300,70.9600,68.0100,70.7100,344000
2014-02-14,69.1700,70.6600,67.4500,67.6300,208100
2014-02-13,68.5000,70.3800,67.6642,69.1500,553500
2014-02-12,66.7300,71.0100,66.2200,69.3100,411700
2014-02-11,67.5900,68.0358,65.6000,66.6400,391900
2014-02-10,65.7000,68.1200,65.5500,67.3300,337800
2014-02-07,62.0800,67.8800,61.9400,65.6900,575500
2014-02-06,62.4800,65.2700,62.4800,63.5300,276900
2014-02-05,62.4000,63.0000,60.0500,62.1100,357600
2014-02-04,63.0000,64.5800,62.4600,63.1600,357500
2014-02-03,65.3300,65.9800,62.2500,62.6000,607500
2014-01-31,65.5700,66.4400,64.1000,65.0300,488100
2014-01-30,67.5600,69.4390,67.1300,67.4400,688900
2014-01-29,64.5100,67.8200,63.3600,67.5500,1155100
2014-01-28,67.3500,67.6900,65.6600,66.1200,1104200
2014-01-27,69.4700,69.4900,63.4600,65.3800,462800
2014-01-24,69.6300,70.1050,66.1100,68.3400,587800
2014-01-23,71.2800,71.2800,68.9300,70.2500,740100
2014-01-22,72.8300,73.6900,70.7610,71.0100,812800
2014-01-21,75.1600,75.3580,72.3500,72.9000,595600
2014-01-17,74.5700,75.1600,72.0300,72.9000,447000
2014-01-16,73.6500,75.2050,72.6510,74.5700,551600
2014-01-15,75.7000,76.1800,72.0300,73.6500,857400
2014-01-14,77.9300,79.0000,73.4000,75.4500,1114200
2014-01-13,79.2500,83.2700,75.0000,76.2600,3563100
2014-01-10,71.3600,74.7500,69.5000,73.9800,947000
2014-01-09,63.5000,70.6800,63.0500,70.6500,720300
2014-01-08,61.6600,63.4900,60.5700,62.9900,308300
2014-01-07,62.5900,62.8800,59.7800,61.4200,314900
2014-01-06,60.9900,62.2400,58.1800,62.1000,567800
2014-01-03,59.4700,60.6600,58.7200,60.4800,337800
2014-01-02,59.8800,60.8000,58.2500,59.2000,431600
2013-12-31,58.8600,60.5000,58.8600,60.2700,579600
2013-12-30,58.5200,59.2300,58.3500,58.7200,329000
2013-12-27,58.6000,59.0800,57.9900,58.7300,305800
2013-12-26,58.1100,58.9800,58.0000,58.6800,260700
2013-12-24,58.1000,58.7500,57.6700,58.0500,173300
2013-12-23,56.8200,58.2199,55.8857,57.9800,223500
2013-12-20,54.0900,56.9100,54.0900,56.3700,1026900
2013-12-19,54.8900,55.5000,53.0500,53.7900,264400
2013-12-18,54.6800,55.1600,52.5200,55.1600,408100
2013-12-17,53.7100,54.9600,53.0300,54.6800,489400
2013-12-16,52.8500,54.2000,52.8500,53.8900,321800
2013-12-13,51.0100,52.7500,50.4100,52.6700,284800
2013-12-12,50.8500,51.8500,50.6400,50.7300,244300
2013-12-11,53.0000,54.0000,50.7300,50.9400,411100
2013-12-10,53.8500,55.7000,53.0000,53.0300,525700
2013-12-09,55.1900,55.5351,52.6000,54.1200,413700
2013-12-06,56.2000,56.7500,55.0400,55.2100,332900
2013-12-05,56.3900,56.5650,55.4700,55.5900,300200
2013-12-04,56.8500,58.9500,55.1100,55.9900,2101600
2013-12-03,60.6600,60.6600,57.0100,58.9500,650000
2013-12-02,60.2600,63.4700,59.8500,62.9900,227200
2013-11-29,61.3500,61.6400,59.8300,60.2890,123900
2013-11-27,62.3000,63.9880,59.5000,60.9200,236200
2013-11-26,57.6200,62.2400,57.3750,62.0300,326800
2013-11-25,58.8000,59.2150,57.1200,57.4400,256900
2013-11-22,57.0300,60.3900,57.0300,58.4200,445300
2013-11-21,56.2500,58.4699,55.3101,57.0300,820600
2013-11-20,45.1900,54.9700,43.8600,54.5600,1119300
2013-11-19,48.2400,48.9900,46.5700,46.7600,217400
2013-11-18,51.1500,51.7300,47.6000,48.3400,224200
2013-11-15,52.7600,52.7600,51.1300,51.2700,259800
2013-11-14,52.7800,53.0200,51.7400,52.9400,127200
2013-11-13,50.7800,52.7900,50.5901,52.6500,165300
2013-11-12,51.8100,52.1600,50.3000,51.1600,213700
2013-11-11,52.5800,52.8600,51.4600,52.1300,140200
2013-11-08,49.9800,53.3500,49.9800,52.8500,261200
2013-11-07,50.9600,51.1000,49.5900,50.0000,346100
2013-11-06,51.3600,51.7100,50.1100,50.7000,383200
2013-11-05,50.7700,51.5100,50.2600,51.0000,132600
2013-11-04,51.1600,51.6300,50.0900,51.0700,138500
2013-11-01,51.3800,52.0000,49.8900,50.9900,389000
2013-10-31,52.9700,52.9700,50.1900,51.1100,608000
2013-10-30,55.9900,58.0400,51.4230,52.7700,825600
2013-10-29,55.1600,56.5460,54.0075,55.8700,468800
2013-10-28,63.6300,64.0000,54.2000,54.8600,1364500
2013-10-25,54.7900,59.4500,53.7600,56.9300,452800
2013-10-24,53.6600,54.9200,52.9200,54.6300,493500
2013-10-23,51.0500,53.6500,50.6101,53.5100,295000
2013-10-22,51.7400,52.8900,49.2425,51.4100,193700
2013-10-21,50.4100,52.1600,49.0600,51.3000,336800
2013-10-18,52.0700,54.0000,50.3700,50.5800,291100
2013-10-17,48.9500,53.3900,48.2500,52.7900,401400
2013-10-16,48.8600,49.3699,48.5100,48.9800,392500
2013-10-15,49.3400,50.3099,48.3000,48.4100,193000
2013-10-14,49.8900,50.2500,49.1800,49.5800,237800
2013-10-11,52.2000,52.7600,48.1000,50.2200,559300
2013-10-10,50.2700,53.2000,49.7400,52.5900,265800
2013-10-09,54.6800,54.8000,48.7700,49.4600,767200
2013-10-08,56.0300,56.5000,53.4700,54.4800,516000
2013-10-07,56.3100,57.0100,55.8100,55.8500,277800
2013-10-04,57.8200,58.2475,55.6400,56.9900,317700
2013-10-03,59.9700,59.9899,57.4000,57.5000,405900
2013-10-02,60.7000,61.9300,59.6600,60.2900,334000
2013-10-01,60.3000,62.1800,60.2600,62.0400,378500
2013-09-30,58.2000,61.0200,54.3800,60.8000,1117300
2013-09-27,60.0000,64.4100,58.7400,60.5900,946400
2013-09-26,65.0600,65.5200,60.2600,61.5100,516900
2013-09-25,64.1000,65.7500,61.5000,64.9900,1174600
2013-09-24,72.7400,73.7350,71.8600,73.5200,534400
2013-09-23,74.8200,74.8200,71.8200,72.9400,228400
2013-09-20,78.1700,78.7200,73.8350,74.5580,1158800
2013-09-19,74.2000,75.5700,74.0800,75.2300,228400
2013-09-18,72.4900,75.0000,71.5700,74.4200,444800
2013-09-17,67.5000,81.9400,67.1500,72.4400,2767500
2013-09-16,67.5000,68.2500,65.8310,67.4900,423400
2013-09-13,67.1500,67.8800,66.1200,66.8500,182600
2013-09-12,66.9400,68.1000,66.2500,67.0700,221400
2013-09-11,64.4600,66.8800,63.5800,66.7100,301100
2013-09-10,59.8500,64.7900,59.4600,64.3400,708600
2013-09-09,60.5900,60.7000,58.9100,59.7300,588900
2013-09-06,63.7100,63.7500,59.0300,60.2600,730700
2013-09-05,66.6000,66.8400,63.3800,63.9400,342300
2013-09-04,65.4800,66.9700,65.4600,66.2600,350700
2013-09-03,65.5100,66.6000,64.7800,65.5500,243300
2013-08-30,64.5900,64.8600,63.7100,64.5000,409300
2013-08-29,64.6500,66.1500,64.1401,64.3800,450000
2013-08-28,66.7200,68.0000,64.5000,64.6500,461100
2013-08-27,68.1100,70.0650,66.5100,66.5200,262700
2013-08-26,68.4400,69.2500,68.1150,69.1000,183400
2013-08-23,68.5600,68.7300,67.6520,68.4400,138700
2013-08-22,68.8700,69.3600,67.3300,68.5600,56800
2013-08-21,68.0000,69.3200,68.0000,68.7000,187800
2013-08-20,67.8700,69.5300,67.3900,68.1300,73200
2013-08-19,66.8000,68.3500,66.5800,67.9100,77100
2013-08-16,67.2500,69.4300,66.0000,67.0500,159500
2013-08-15,70.6100,70.6100,67.9000,67.9100,118000
2013-08-14,73.1600,73.5400,71.0000,71.4700,71900
2013-08-13,73.4700,73.6500,72.8425,73.1500,70700
2013-08-12,73.1400,73.7800,72.5400,73.3100,52100
2013-08-09,72.4100,73.5300,71.3800,73.3500,104000
2013-08-08,72.7900,73.9699,71.6600,72.3800,110200
2013-08-07,73.6500,73.7400,71.0400,72.0700,102800
2013-08-06,76.7300,76.7300,72.8000,73.6600,105300
2013-08-05,76.1400,77.3670,75.4618,76.7400,55900
2013-08-02,77.0200,77.7075,75.5910,76.0900,96600
2013-08-01,79.2500,81.8100,74.0100,77.3600,384900
2013-07-31,75.6800,78.4600,75.4300,77.8800,242600
2013-07-30,73.4400,75.9500,72.6850,75.3200,146800
2013-07-29,74.1800,75.2200,71.7500,72.9400,194800
2013-07-26,74.6000,76.6400,74.2200,75.7200,189600
2013-07-25,76.9000,77.6200,73.8100,75.2000,284900
2013-07-24,78.9500,79.6700,77.0000,77.2800,137500
2013-07-23,80.3200,80.7999,78.2800,78.4000,134400
2013-07-22,77.8200,80.5630,77.7200,80.0900,198100
2013-07-19,77.7100,79.4500,76.2125,78.5900,134100
2013-07-18,77.2400,78.1690,75.8000,77.9000,136900
2013-07-17,75.6700,80.5100,75.6700,77.2100,394700
2013-07-16,74.6500,75.2150,73.8650,74.9700,184500
2013-07-15,74.6700,75.5125,73.4101,74.5600,140300
2013-07-12,73.4700,75.5700,73.0400,74.7400,197500
2013-07-11,74.8500,75.0000,73.5200,73.9300,139800
2013-07-10,72.1900,73.9800,71.7101,73.9200,116100
2013-07-09,74.9200,76.0575,70.6300,72.0400,163000
2013-07-08,76.4100,77.0000,73.7600,74.8800,183700
2013-07-05,72.9800,75.4900,72.1101,75.4500,213000
2013-07-03,70.6800,72.1000,69.7400,71.8500,69800
2013-07-02,69.0900,72.5300,69.0900,71.6100,438900
2013-07-01,67.6000,71.5000,67.0300,69.6300,424300
2013-06-28,67.5000,69.1800,66.9800,66.9800,402000
2013-06-27,65.5500,68.8400,65.5500,68.0800,233100
2013-06-26,63.8500,66.7000,63.8500,65.5700,228400
2013-06-25,65.0000,65.5800,62.9525,64.1900,208100
2013-06-24,62.0200,64.4200,61.5400,62.9000,246400
2013-06-21,62.3700,65.9699,60.3300,65.0500,963900
2013-06-20,63.2700,64.5199,61.9600,61.9900,238000
2013-06-19,66.9700,67.0400,62.4000,64.5500,509800
2013-06-18,68.6900,69.3000,64.8900,66.0550,369600
2013-06-17,68.8200,70.0000,67.2940,68.9900,221600
2013-06-14,67.8900,71.1900,66.2700,67.2300,310200
2013-06-13,72.1000,72.5000,70.0100,71.1100,450000
2013-06-12,75.7700,77.0000,71.4700,72.1000,2120100
2013-06-11,72.0500,75.5600,71.5000,74.8300,631600
2013-06-10,72.0600,75.7670,71.8401,73.1500,456800
2013-06-07,72.5300,73.5000,71.0700,71.8330,217100
2013-06-06,74.0000,74.1700,69.0388,72.2100,564800
2013-06-05,71.6300,74.5900,65.0200,69.9000,893600
2013-06-04,69.5100,74.9800,60.7800,73.9100,2442900
2013-06-03,50.0000,86.2900,50.0000,74.5900,3216600
2013-05-31,36.5600,37.1000,35.5550,36.5800,170400
2013-05-30,34.2900,37.7800,34.2900,36.8800,180700
2013-05-29,34.7200,35.6700,34.0100,34.2100,99500
2013-05-28,35.1800,35.8000,34.0900,34.9300,84900
2013-05-24,33.1800,35.0700,33.1800,34.6000,126400
2013-05-23,32.7400,33.8300,32.3200,33.5000,194100
2013-05-22,35.1400,35.3400,33.1300,33.2900,237400
2013-05-21,35.5400,36.1100,35.0500,35.1900,73200
2013-05-20,36.9000,37.1900,35.3500,35.6200,102000
2013-05-17,36.7200,38.1400,36.1100,36.9100,662800
2013-05-16,37.2800,37.2800,35.0000,36.7300,693300
2013-05-15,39.7400,39.8800,36.6500,37.3300,197500
2013-05-14,38.0900,40.2700,37.9040,39.7800,149600
2013-05-13,36.6100,38.0800,36.5475,37.9800,176800
2013-05-10,37.2700,37.2700,35.7000,36.5100,131400
2013-05-09,37.4700,37.6000,36.3000,36.4500,111200
2013-05-08,33.4700,37.2000,32.9800,37.1100,495700
2013-05-07,37.0700,37.0700,32.2201,33.0100,535900
2013-05-06,37.9210,38.3281,37.5000,38.0300,96000
2013-05-03,37.9500,39.6300,37.4900,37.9100,155500
2013-05-02,37.2100,37.4800,37.0500,37.3800,80400
2013-05-01,37.3300,38.1300,36.6900,37.0000,222500
2013-04-30,37.6600,37.8350,37.1801,37.4200,54200
2013-04-29,37.5000,38.3000,37.4510,37.4900,136400
2013-04-26,37.1500,38.1300,37.1500,37.8400,61200
2013-04-25,37.2200,38.1200,36.5100,37.2500,55000
2013-04-24,36.4300,38.0600,36.1100,36.9980,170800
2013-04-23,33.1600,36.6300,32.6900,36.5800,315700
2013-04-22,32.1500,33.0000,31.3400,32.8400,87700
2013-04-19,31.9300,32.2400,31.7575,32.0000,72000
2013-04-18,30.9200,32.3100,30.4300,31.9900,176300
2013-04-17,30.7700,31.2500,29.9600,30.7500,90900
2013-04-16,30.3100,31.4498,30.0801,31.0800,105900
2013-04-15,30.7040,30.9000,29.1500,29.9300,136500
2013-04-12,30.9788,31.0500,30.0100,30.9300,45500
2013-04-11,30.9800,31.1600,30.7100,30.9400,54500
2013-04-10,30.0000,31.1800,29.9700,30.9200,201700
2013-04-09,29.6900,30.2500,29.2500,29.9900,122600
2013-04-08,29.0500,29.5700,28.5900,29.5300,68700
2013-04-05,27.6200,28.9400,27.5900,28.9100,70600
2013-04-04,28.2900,28.2900,27.3124,28.1400,49300
2013-04-03,28.7500,28.9600,27.7700,28.1800,75400
2013-04-02,27.5300,29.5300,27.5200,28.7500,165700
2013-04-01,28.5800,28.7900,27.1700,27.3600,77300
2013-03-28,28.6200,29.0000,28.0900,28.6700,30400
2013-03-27,28.2400,28.5600,28.2400,28.5100,15800
2013-03-26,28.4400,28.6950,27.7700,28.4500,100400
2013-03-25,28.1800,28.3600,27.9100,28.1800,52600
2013-03-22,28.2000,28.2400,27.9900,28.2300,22700
2013-03-21,27.5400,28.0200,27.1500,27.9600,58500
2013-03-20,27.7800,28.2000,27.4001,27.7500,39300
2013-03-19,29.0000,29.1400,27.0300,27.6200,165700
2013-03-18,27.7500,29.1500,27.5200,28.9500,92800
2013-03-15,28.2700,28.2700,27.4000,27.9000,226000
2013-03-14,28.4500,29.2999,28.0100,28.2200,118200
2013-03-13,27.6600,28.5000,27.3500,28.3500,12100
2013-03-12,27.5000,28.0500,27.2701,27.5500,86100
2013-03-11,26.3300,28.2900,26.3300,27.4500,164900
2013-03-08,25.6800,26.2200,25.3700,26.0500,118900
2013-03-07,24.8200,25.6700,24.4600,25.5100,136000
2013-03-06,24.7000,25.0800,24.1800,24.7400,291800
2013-03-05,24.0000,25.0800,24.0000,24.6700,427900
2013-03-04,21.8400,25.9662,21.8400,24.4400,288300
2013-03-01,18.7500,21.9200,18.7500,21.8100,421200
2013-02-28,18.8300,19.1800,18.5500,18.8600,38400
2013-02-27,18.7200,19.1000,18.7200,18.9200,42600
2013-02-26,18.6900,18.8800,18.6100,18.7500,18400
2013-02-25,19.0500,19.2780,18.5800,18.6200,38400
2013-02-22,18.8400,18.8400,18.4600,18.7600,44700
2013-02-21,18.4800,19.9800,18.1500,18.6500,79700
2013-02-20,19.0200,19.3100,18.5100,18.6700,55300
2013-02-19,18.6400,19.8500,18.6400,19.0300,34700
2013-02-15,18.9300,19.1600,18.3300,18.6400,46800
2013-02-14,18.9800,19.2500,18.2800,18.7400,35000
2013-02-13,19.1700,19.5000,18.9200,19.0600,55100
2013-02-12,18.8996,19.4000,18.7100,19.2200,36000
2013-02-11,19.1800,19.2000,18.6800,18.8800,104700
2013-02-08,19.2400,19.7500,19.0600,19.1300,103400
2013-02-07,19.4500,19.4500,18.9100,19.0800,64100
2013-02-06,19.4900,19.8050,18.9400,19.4900,73400
2013-02-05,19.2600,20.2100,19.2000,19.8000,31600
2013-02-04,19.6900,19.7700,19.1500,19.2500,28000
2013-02-01,19.9100,20.0700,19.4100,19.7200,50500
2013-01-31,19.7100,19.9300,19.6900,19.7400,40500
2013-01-30,19.7900,20.1200,19.4000,19.6900,77100
2013-01-29,19.7900,19.9400,19.5400,19.8800,118000
2013-01-28,20.1400,20.2110,19.6500,19.7500,116900
2013-01-25,20.0000,20.2600,19.7400,19.9900,87500
2013-01-24,20.5000,20.5000,19.7200,19.9500,77000
2013-01-23,20.6800,21.2800,20.3500,20.5400,52900
2013-01-22,20.1400,20.7000,19.6615,20.6700,53400
2013-01-18,19.1900,20.1780,19.1800,20.0800,127700
2013-01-17,19.2700,19.4500,18.9900,19.2600,30800
2013-01-16,18.9300,19.4400,18.9000,19.1200,101200
2013-01-15,18.6500,19.0200,18.6500,19.0200,46400
2013-01-14,18.6300,18.9500,18.6100,18.8400,71800
2013-01-11,18.5700,19.0000,18.5050,18.7600,68300
2013-01-10,17.4500,18.7000,17.3300,18.5400,151800
2013-01-09,17.2000,17.7100,17.0100,17.3200,91100
2013-01-08,16.8900,17.3150,16.6800,17.0900,334500
2013-01-07,16.8700,17.0400,16.5000,16.8600,133700
2013-01-04,16.9000,17.1800,16.8600,16.8800,254400
2013-01-03,17.0800,17.0800,16.5700,16.7600,83900
2013-01-02,16.3700,17.2476,15.9600,16.9900,311100
2012-12-31,15.6000,16.3600,15.6000,16.0000,156900
2012-12-28,15.8300,15.8300,15.5200,15.6300,37300
2012-12-27,15.6800,16.0150,15.4900,15.9600,30100
2012-12-26,15.5800,15.9400,15.4300,15.6100,42100
2012-12-24,15.7900,15.9000,15.4000,15.5700,14000
2012-12-21,15.8700,16.0750,15.5400,15.8200,106000
2012-12-20,15.9500,16.1950,15.7100,16.0500,84400
2012-12-19,15.7900,16.4600,15.6500,15.9800,73300
2012-12-18,15.8300,16.0700,15.5600,15.7300,53900
2012-12-17,15.1600,15.9500,15.1600,15.8400,98200
2012-12-14,15.4400,15.4600,14.9500,15.0700,60400
2012-12-13,15.7000,15.7200,15.3400,15.5400,20700
2012-12-12,16.0000,16.0000,15.6850,15.7900,30500
2012-12-11,15.5600,16.0600,15.5200,15.9600,63900
2012-12-10,15.5200,15.6700,15.2000,15.4300,26600
2012-12-07,15.9600,15.9600,15.3300,15.5300,62000
2012-12-06,15.6000,16.1500,15.6000,15.8200,70800
2012-12-05,15.8200,16.0599,15.3000,15.6600,73200
2012-12-04,15.3000,15.8900,14.4000,15.8200,136600
2012-12-03,15.4800,15.8900,15.2100,15.2792,231400
2012-11-30,15.1400,16.2600,14.9500,15.3800,387700
2012-11-29,13.2000,15.2400,12.8700,15.1200,447100
2012-11-28,12.1300,13.2100,12.1300,13.1000,121200
2012-11-27,11.9300,12.3400,11.9300,12.2200,68600
2012-11-26,12.0100,12.3500,11.7800,11.9700,161400
2012-11-23,11.8700,12.0800,11.8700,12.0300,50800
2012-11-21,11.9700,11.9700,11.7300,11.8000,67400
2012-11-20,11.7300,12.0400,11.6700,11.8900,102900
2012-11-19,11.8300,12.1900,11.6700,11.7900,74400
2012-11-16,11.8900,11.9500,11.1900,11.6500,179300
2012-11-15,11.7500,12.1100,11.7400,11.9300,235200
2012-11-14,12.8400,12.9100,11.5800,11.7100,423500
2012-11-13,12.2700,13.2500,12.2700,12.8400,799900
2012-11-12,12.5700,15.2500,12.4500,12.5000,3298600
2012-11-09,21.0700,22.3900,21.0700,21.4900,47300
2012-11-08,21.7200,21.7200,20.8600,21.1400,122300
2012-11-07,22.2900,22.2900,21.1700,21.8500,120300
2012-11-06,22.4200,23.3400,22.0000,22.5000,54000
2012-11-05,22.0300,22.4400,21.5200,22.3700,38700
2012-11-02,22.0500,22.5300,21.8000,22.1000,65600
2012-11-01,21.6500,22.3000,21.3900,22.0800,152800
2012-10-31,21.3000,21.5900,20.9100,21.4131,30500
2012-10-26,21.0400,21.4700,20.7300,21.3400,38900
2012-10-25,20.1100,20.9800,19.0500,20.9800,32500
2012-10-24,20.7200,20.7400,19.6800,19.9200,53000
2012-10-23,20.4900,20.7700,20.2108,20.5400,27300
2012-10-22,20.2900,20.7500,20.1900,20.7100,22500
2012-10-19,19.9300,20.4000,19.9300,20.2300,47800
2012-10-18,20.4000,20.7300,19.6400,20.1300,120200
2012-10-17,21.9300,21.9300,20.6100,20.7200,37900
2012-10-16,21.7400,22.2100,21.3300,21.7700,11300
2012-10-15,21.6700,22.2600,21.1700,21.5400,28600
2012-10-12,22.4500,22.7500,21.6000,21.6300,79400
2012-10-11,22.5900,22.7400,22.2600,22.5000,53800
2012-10-10,22.1300,22.4100,21.1717,22.3800,91800
2012-10-09,22.2200,22.5300,21.6800,22.0200,45700
2012-10-08,22.1800,22.4000,21.9300,22.2500,31200
2012-10-05,22.4500,22.5400,21.9600,22.3100,36700
2012-10-04,21.8000,22.2983,21.6600,22.2600,49300
2012-10-03,22.0400,22.2300,21.5900,21.7500,45500
2012-10-02,21.5500,22.2100,21.5500,22.0400,53100
2012-10-01,20.5500,21.5700,20.4900,21.5000,49200
2012-09-28,20.4000,20.7400,20.4000,20.4500,16100
2012-09-27,20.3100,20.8607,20.2300,20.5600,42200
2012-09-26,21.0300,21.0500,20.0100,20.2600,67000
2012-09-25,21.5400,21.8300,20.9700,21.0000,43700
2012-09-24,22.1600,22.1600,21.0000,21.4100,92500
2012-09-21,22.2600,22.3400,21.4800,22.3300,174000
2012-09-20,21.8400,22.1800,21.3400,22.0100,39900
2012-09-19,21.1500,22.4900,21.1300,22.0600,222500
2012-09-18,20.7500,21.1000,20.5600,21.1000,116300
2012-09-17,20.5700,21.1700,19.0000,21.0700,109000
2012-09-14,21.3800,21.3800,20.4400,20.5500,79700
2012-09-13,19.1100,21.4000,18.5200,21.1500,138000
2012-09-12,20.0000,20.1200,19.5500,20.1200,828100
2012-09-11,19.8000,20.1000,19.2900,20.0000,62200
2012-09-10,18.8500,19.8000,18.8500,19.7500,67200
2012-09-07,18.7400,18.9000,18.5600,18.7600,139800
2012-09-06,18.3500,18.6000,17.6000,18.5600,218800
2012-09-05,17.4200,18.4800,17.2200,18.1400,85900
2012-09-04,17.5500,18.2000,17.3100,17.5000,52800
2012-08-31,18.1500,18.1500,17.0500,17.4900,124500
2012-08-30,18.1200,18.3900,17.5500,18.0300,68300
2012-08-29,18.4900,18.6100,18.1200,18.3000,53000
2012-08-28,18.4000,19.0000,18.3000,18.5300,35900
2012-08-27,18.6100,18.6100,18.2300,18.4900,39100
2012-08-24,18.2500,18.5800,18.0700,18.4200,53600
2012-08-23,18.4400,18.4900,18.0300,18.2800,36200
2012-08-22,18.0800,18.5000,18.0000,18.4800,43200
2012-08-21,18.3500,18.4400,17.8300,18.0800,35400
2012-08-20,18.2000,18.3800,17.6200,18.2300,36600
2012-08-17,16.0900,18.1800,16.0900,18.1100,59600
2012-08-16,15.4900,16.1900,15.3900,16.1900,18100
2012-08-15,15.5900,15.8900,15.4300,15.6000,20300
2012-08-14,15.6900,15.6900,15.2500,15.5600,94500
2012-08-13,15.2500,15.5000,15.0600,15.5000,16100
2012-08-10,14.6000,16.9500,14.2800,15.3000,48100
2012-08-09,15.7500,15.8800,14.5800,14.7000,41200
2012-08-08,15.5000,16.5400,14.9601,15.7600,55400
2012-08-07,14.6300,15.7000,14.5500,15.3600,72500
2012-08-06,14.4300,14.8500,13.7500,14.5600,28700
2012-08-03,13.3400,14.3900,13.2400,14.0800,72400
2012-08-02,15.6000,16.2300,13.3400,13.5500,179800
2012-08-01,17.7300,17.8100,15.7100,15.7100,56600
2012-07-31,21.2600,21.2600,17.5600,17.6900,44800
2012-07-30,18.0600,18.6000,17.7000,17.7000,15800
2012-07-27,17.7800,18.6500,17.6000,17.9700,47200
2012-07-26,17.8800,17.9760,17.3000,17.6500,19600
2012-07-25,18.2800,18.3300,17.4600,17.5200,31300
2012-07-24,18.9900,19.0000,17.7700,17.9300,42900
2012-07-23,19.2800,19.6500,18.6700,18.8100,67200
2012-07-20,20.3800,20.7900,19.6200,19.6400,42500
2012-07-19,21.5000,21.5700,20.5200,20.6200,17900
2012-07-18,21.5900,21.8200,21.3800,21.5000,20300
2012-07-17,21.5800,21.8700,21.0000,21.4600,22800
2012-07-16,21.6000,21.6100,21.3000,21.4100,7500
2012-07-13,21.3800,21.9200,21.3800,21.7400,29400
2012-07-12,21.5000,21.5900,21.0400,21.3800,44100
2012-07-11,21.6700,21.8300,21.3001,21.5600,38800
2012-07-10,21.9800,21.9800,21.4600,21.6700,42400
2012-07-09,21.5100,22.0200,21.4200,22.0000,13900
2012-07-06,21.5500,21.7050,21.0400,21.5000,17100
2012-07-05,22.4000,22.8200,21.7600,21.8200,23200
2012-07-03,23.2400,23.4200,22.0000,22.6000,60600
2012-07-02,22.0500,23.1900,21.8700,23.1500,68500
2012-06-29,21.0200,21.7400,20.5800,21.6800,46700
2012-06-28,22.0900,22.2100,20.2100,20.5900,64100
2012-06-27,22.0000,22.6800,21.8900,22.2800,32900
2012-06-26,22.1700,22.4200,21.8200,21.9900,29500
2012-06-25,21.2400,22.2200,21.0650,22.0300,48700
2012-06-22,20.5200,21.5800,20.5200,21.4000,459200
2012-06-21,21.2100,21.7400,20.1800,20.4900,44100
2012-06-20,20.7400,21.2500,20.6300,21.1600,33900
2012-06-19,20.1000,21.0600,20.0000,20.6900,81200
2012-06-18,19.7100,20.0200,19.6400,19.9500,81800
2012-06-15,19.5200,19.9700,19.4900,19.7500,154500
2012-06-14,19.0300,19.5400,19.0300,19.4600,52200
2012-06-13,19.2300,19.4400,18.8300,19.0800,36500
2012-06-12,18.9500,19.2100,18.4800,19.1900,38100
2012-06-11,18.7300,19.1700,18.6150,18.8900,53400
2012-06-08,18.2700,18.5400,18.0200,18.4500,34200
2012-06-07,18.9100,18.9900,18.1600,18.3700,60700
2012-06-06,18.1800,18.7900,17.8900,18.6300,94600
2012-06-05,17.3400,18.5800,17.3400,18.0300,69800
2012-06-04,17.1200,17.6650,17.0700,17.4500,63000
2012-06-01,17.6500,18.0500,16.9100,17.0400,154800
2012-05-31,17.9500,18.3000,17.7100,17.8100,457800
2012-05-30,18.3300,18.3300,17.6900,17.8300,94000
2012-05-29,18.7300,18.7400,18.1200,18.2500,88600
2012-05-25,19.0000,19.0000,18.4200,18.5500,94200
2012-05-24,18.9300,19.1700,18.6550,19.0000,127100
2012-05-23,18.6300,19.1600,18.4400,18.8700,69700
2012-05-22,18.9900,19.3400,18.5100,18.8200,69900
2012-05-21,18.5800,19.1000,18.4150,18.9700,100100
2012-05-18,18.9600,19.6600,18.3400,18.4900,73000
2012-05-17,19.2300,19.3600,18.7700,18.9300,87800
2012-05-16,19.0600,19.6900,18.9700,19.1500,125000
2012-05-15,18.5500,19.9300,18.4600,18.8500,36400
2012-05-14,19.0800,19.0800,18.5700,18.5900,44000
2012-05-11,18.8200,19.3200,18.7500,19.3100,105900
2012-05-10,18.8800,19.3700,18.7800,19.0300,86000
2012-05-09,17.8400,18.8400,17.8400,18.7000,77400
2012-05-08,17.7500,18.6200,17.7200,17.9900,116500
2012-05-07,18.0850,18.3500,17.7600,18.0000,132500
2012-05-04,18.4300,18.7900,17.6500,18.0000,106200
2012-05-03,18.5600,18.9600,18.2800,18.8900,67600
2012-05-02,18.5400,19.1400,18.4000,18.8900,51000
2012-05-01,18.0100,18.8500,17.7200,18.7100,136000
2012-04-30,18.2000,18.2600,17.7750,17.9300,270500
2012-04-27,18.3500,18.4300,18.2400,18.2400,62800
2012-04-26,18.4000,18.4800,18.0600,18.3600,50300
2012-04-25,18.3400,18.4900,17.9000,18.3800,87000
2012-04-24,18.1600,18.3800,18.1600,18.3400,72500
2012-04-23,17.4500,18.1700,17.4350,18.0600,81300
2012-04-20,17.9800,17.9800,17.0800,17.6400,80700
2012-04-19,18.0700,18.4000,17.3500,17.4100,106800
2012-04-18,18.4200,18.5000,17.9000,18.0700,63200
2012-04-17,18.8000,18.9000,18.3800,18.4700,70200
2012-04-16,18.7200,18.9000,17.8398,18.6700,57900
2012-04-13,18.8800,18.8800,18.5000,18.5500,35600
2012-04-12,18.9200,19.2400,18.6100,18.9100,94000
2012-04-11,18.3400,19.0000,18.0200,18.9400,140300
2012-04-10,18.9300,19.1200,17.8500,17.9800,115200
2012-04-09,18.9900,19.2000,18.8500,18.8600,47300
2012-04-05,18.9000,19.6500,18.7600,19.2400,479500
2012-04-04,20.3000,20.3000,18.8400,18.8500,2568800
2012-04-03,23.9600,23.9700,20.5700,20.8600,167100
2012-04-02,25.1800,25.1800,23.6100,24.1000,42900
2012-03-30,25.3700,25.6400,23.7000,25.4500,70700
2012-03-29,25.5400,25.6900,25.0550,25.1000,27000
2012-03-28,25.4500,26.0000,24.9100,25.6600,25200
2012-03-27,26.0000,26.4400,25.2500,25.4700,24400
2012-03-26,26.8600,26.8600,25.0000,26.1600,65300
2012-03-23,24.9800,26.5000,24.2900,26.5000,49200
2012-03-22,25.8600,25.8600,24.9500,25.0000,61000
2012-03-21,22.9500,27.5450,22.9500,25.9900,64400
2012-03-20,24.3800,24.8800,23.4550,24.3900,37800
2012-03-19,22.9000,24.9800,22.2300,24.5300,70100
2012-03-16,22.7200,23.0800,22.3000,23.0000,84900
2012-03-15,22.1700,22.7100,21.8000,22.6800,32000
2012-03-14,22.0800,22.7600,21.7600,22.0100,24900
2012-03-13,21.9900,22.1500,21.3300,22.1000,44300
2012-03-12,22.1100,22.5700,21.1700,21.7000,28500
2012-03-09,22.3000,23.3800,21.8600,22.0400,33000
2012-03-08,22.8000,22.8000,19.5000,22.4000,50700
2012-03-07,22.4900,23.9200,22.4900,23.0000,22700
2012-03-06,22.9900,23.9800,22.5000,22.5200,22800
2012-03-05,23.4900,24.9300,23.1000,23.2000,17000
2012-03-02,24.6200,24.8200,23.3700,23.5500,33600
2012-03-01,25.0000,25.2000,24.1450,24.7400,54300
2012-02-29,24.4700,25.3500,24.1300,24.9900,115000
2012-02-28,24.8400,24.8800,24.0440,24.3500,99400
2012-02-27,24.1700,24.9800,24.1000,24.7500,32800
2012-02-24,23.3700,24.7668,23.3700,24.4900,32100
2012-02-23,23.5400,23.8000,22.7400,23.4900,67400
2012-02-22,23.5700,24.3000,23.2250,23.7500,54100
2012-02-21,22.8900,24.0600,22.8900,23.7100,54800
2012-02-17,23.5100,24.2700,23.3500,23.4800,72300
2012-02-16,23.7900,23.8600,22.8900,23.4000,99500
2012-02-15,22.1200,24.1100,22.0000,23.6500,76700
2012-02-14,22.6000,22.6000,21.5000,21.9300,64100
2012-02-13,22.2300,23.1800,21.7300,22.6800,40800
2012-02-10,23.7200,24.5900,21.8700,21.9000,120300
2012-02-09,24.2800,25.5000,23.8800,23.8900,106700
2012-02-08,24.7200,26.2300,23.9100,24.2900,162200
2012-02-07,24.5000,27.2900,24.2400,24.5900,133000
2012-02-06,23.7800,24.4900,22.9400,24.2600,32300
2012-02-03,21.3900,24.0700,21.3900,23.8100,104000
2012-02-02,20.2700,21.2700,20.2700,21.0000,158300
2012-02-01,19.1400,20.5900,19.0400,20.3600,85200
2012-01-31,19.0000,19.0892,18.0700,18.9800,40000
2012-01-30,19.2400,19.2400,18.4400,18.8900,36700
2012-01-27,18.5900,19.7800,18.5900,19.6000,39900
2012-01-26,19.0000,19.1600,18.4100,18.6900,17400
2012-01-25,18.9100,19.0000,18.5600,19.0000,16500
2012-01-24,19.1950,19.3270,18.6500,19.0000,45000
2012-01-23,19.8000,19.8000,19.2200,19.5300,84200
2012-01-20,19.7000,20.0000,18.0300,19.9000,81900
2012-01-19,17.0000,20.0000,16.6650,19.7100,134300
2012-01-18,14.8100,17.7200,14.8100,17.1000,76800
2012-01-17,14.6700,14.7500,14.6100,14.6100,23600
2012-01-13,14.3100,14.8300,13.8600,14.5400,68800
2012-01-12,14.4700,14.5800,14.3000,14.5000,81900
2012-01-11,14.7600,14.7600,14.2000,14.4800,22500
2012-01-10,14.5100,14.9800,14.3200,14.8100,65500
2012-01-09,14.6100,14.6100,14.3600,14.5000,75200
2012-01-06,14.9999,14.9999,14.3200,14.5200,97500
2012-01-05,14.3000,14.9900,14.1900,14.5000,55400
2012-01-04,14.1300,14.8200,13.9500,14.0300,55600
2012-01-03,14.3700,14.8700,13.4100,13.9800,34200
2011-12-30,14.1900,14.4500,13.7000,14.0900,44500
2011-12-29,13.5450,14.3400,13.4200,14.2700,11200
2011-12-28,14.0500,14.1900,13.0000,13.7200,22000
2011-12-27,13.8700,14.3400,13.7800,14.1300,16900
2011-12-23,14.1000,14.8500,13.6300,14.0200,100400
2011-12-22,13.9100,14.1900,13.7600,14.0800,49100
2011-12-21,12.7500,14.8200,12.7500,13.7600,38900
2011-12-20,12.1700,13.0700,11.8500,12.8200,50200
2011-12-19,12.5500,12.6100,11.8000,11.9300,41900
2011-12-16,12.3700,13.2700,11.9500,12.4000,1347700
2011-12-15,12.4100,12.7000,12.3300,12.5300,48300
2011-12-14,12.7900,13.0300,12.3400,12.8200,66800
2011-12-13,13.2000,13.2100,12.3100,12.9000,92400
2011-12-12,13.2600,13.2600,11.7800,13.0300,68300
2011-12-09,11.6800,11.8960,11.6800,11.7800,2400
2011-12-08,12.2600,12.4000,11.4500,11.7000,15500
2011-12-07,12.2500,12.7016,12.2500,12.2900,3500
2011-12-06,12.2600,12.4500,12.2000,12.2600,5600
2011-12-05,12.9600,13.0500,12.2000,12.7800,30800
2011-12-02,12.9800,12.9800,12.2038,12.6700,20600
2011-12-01,13.2400,13.2400,12.2500,12.2600,46400
2011-11-30,13.4900,13.4900,12.8400,12.8700,41700
2011-11-29,13.0000,13.0000,12.5900,12.7500,35800
2011-11-28,14.0000,14.0000,13.0000,13.0100,78800
2011-11-25,13.4000,13.4200,12.4000,13.0100,52400
2011-11-23,12.5400,12.5500,12.4700,12.5500,30600
2011-11-22,12.5000,12.5900,12.4500,12.5400,65700
2011-11-21,12.5100,12.5900,12.5000,12.5500,100300
2011-11-18,12.7000,12.7700,12.5000,12.5800,77300
2011-11-17,12.5600,12.7000,12.4400,12.6900,298700
2011-11-16,13.0500,13.3900,12.2900,12.5600,1912700
