timestamp,open,high,low,close,volume
2018-02-09,66.5500,67.9300,64.9600,67.3000,2584909
2018-02-08,66.7600,67.7300,65.3700,65.6200,3440746
2018-02-07,67.1100,68.9700,66.7650,66.7700,2017347
2018-02-06,66.0000,68.4600,65.3100,67.2300,3120340
2018-02-05,70.1600,71.4500,67.4400,67.5800,3299276
2018-02-02,70.9600,72.3500,68.7050,70.9000,5468208
2018-02-01,71.2300,72.3900,69.8200,70.2500,4684743
2018-01-31,70.8700,73.3700,70.3800,71.7000,5984427
2018-01-30,73.4000,73.5400,69.3400,70.0800,6050927
2018-01-29,84.0000,86.0400,72.2200,74.8000,18466281
2018-01-26,91.4300,92.4000,76.5300,82.7400,35703594
2018-01-25,88.7900,89.2000,87.7700,88.4400,775098
2018-01-24,89.0000,89.8800,87.7565,88.3700,792120
2018-01-23,88.6700,89.5000,88.5300,89.1100,831312
2018-01-22,88.5600,89.4400,87.7400,88.9300,1332552
2018-01-19,88.2700,88.9500,88.1000,88.4900,860277
2018-01-18,88.0700,88.5200,87.6300,88.3900,960839
2018-01-17,86.8200,88.4400,86.0850,88.1100,767503
2018-01-16,87.2300,87.7400,85.9400,86.0900,693913
2018-01-12,86.8700,87.3300,86.1800,86.7500,1538168
2018-01-11,85.5100,86.8400,85.3000,86.8300,913555
2018-01-10,83.8000,84.6200,83.3900,84.6100,678536
2018-01-09,85.5000,85.5000,84.2300,84.2800,777118
2018-01-08,85.0900,85.4700,84.7500,85.3800,1038979
2018-01-05,85.0000,85.6600,84.8000,85.4000,694669
2018-01-04,83.4100,84.9500,83.2731,84.7800,1386832
2018-01-03,82.5700,84.0300,82.4600,83.3000,1599383
2018-01-02,81.5300,82.5200,81.5000,82.4300,665592
2017-12-29,81.3600,81.5100,80.7400,81.2800,882122
2017-12-28,81.3400,81.6700,80.6000,81.0300,1397922
2017-12-27,81.2300,81.8200,80.8900,81.2600,1153429
2017-12-26,81.8000,81.8900,81.1170,81.3800,1502214
2017-12-22,82.0700,83.0000,81.7900,82.0800,1027977
2017-12-21,83.3300,83.6300,82.4000,82.5400,845956
2017-12-20,83.4150,84.1400,82.7000,83.3500,1586339
2017-12-19,83.7800,84.4800,82.8300,83.3400,2350968
2017-12-18,81.6500,84.7700,81.1700,84.7700,2104155
2017-12-15,79.8600,81.1100,79.3700,80.9900,1588588
2017-12-14,80.6900,81.1600,79.7250,79.7600,1085980
2017-12-13,79.5600,80.7700,79.2000,80.1900,1633761
2017-12-12,79.0400,80.0000,78.3700,79.2500,2135452
2017-12-11,77.4600,79.3400,77.1000,79.2900,1215678
2017-12-08,76.8300,77.6900,75.9400,77.2500,2874354
2017-12-07,75.8200,76.9700,75.5600,75.8900,2010447
2017-12-06,74.0000,75.4800,73.7500,75.0600,2197087
2017-12-05,74.5700,75.8200,73.5600,74.4700,1720203
2017-12-04,80.1900,80.2500,74.6600,74.8900,2389310
2017-12-01,77.6000,81.9300,77.3000,79.9600,3873306
2017-11-30,78.5500,78.8600,76.6000,78.2400,8465469
2017-11-29,82.4500,82.4500,76.8400,77.9900,2383790
2017-11-28,82.1500,82.8800,81.9800,82.5600,2274513
2017-11-27,81.1200,82.1500,80.9500,81.9100,1613172
2017-11-24,80.8000,81.3900,79.9100,80.9500,839969
2017-11-22,82.1200,82.4000,80.6800,80.7900,1481763
2017-11-21,81.2600,82.8800,80.9900,82.2300,1866487
2017-11-20,81.4800,82.2300,81.2100,81.2600,1246092
2017-11-17,81.1800,81.8900,80.8900,81.4900,1119298
2017-11-16,80.7600,82.0000,80.6800,81.3300,1263766
2017-11-15,80.9200,81.1300,79.6800,80.2700,1555680
2017-11-14,81.6000,81.9300,81.3000,81.4900,1138025
2017-11-13,81.8900,82.4100,81.4400,81.8100,1055481
2017-11-10,81.6700,82.6000,81.6200,82.5800,768374
2017-11-09,81.4300,82.1900,80.6600,81.8800,1190991
2017-11-08,82.0900,82.8300,81.8700,82.3100,854861
2017-11-07,81.7600,82.6800,81.7300,82.4800,944921
2017-11-06,81.0000,82.2300,80.9000,81.5200,1319118
2017-11-03,81.6800,81.8500,80.4600,80.8700,971971
2017-11-02,82.2000,82.2300,81.2200,81.8600,1053125
2017-11-01,83.3200,83.3200,82.0400,82.4000,1113031
2017-10-31,83.2100,83.3200,82.4200,82.7700,2051645
2017-10-30,83.8100,83.8800,82.9100,83.1500,770404
2017-10-27,83.2600,83.9800,82.8600,83.8800,971319
2017-10-26,82.7500,83.2000,82.6200,82.9700,793694
2017-10-25,82.8300,83.3500,82.1100,82.6000,1300705
2017-10-24,82.6700,83.2500,82.5300,83.2500,1035339
2017-10-23,82.4200,83.1700,82.4000,82.7100,1147617
2017-10-20,82.0000,82.5000,81.8200,82.2400,1145224
2017-10-19,81.2700,81.7500,80.9200,81.6400,1576435
2017-10-18,81.1400,81.7000,81.1000,81.3500,2206101
2017-10-17,81.1500,81.4500,80.8100,80.9900,924914
2017-10-16,80.7700,81.4900,80.6900,81.1000,1152057
2017-10-13,80.5200,80.9600,80.3000,80.6800,917559
2017-10-12,79.4800,80.4600,79.4400,80.2900,1150983
2017-10-11,79.0900,79.5000,78.8700,79.3600,1180124
2017-10-10,79.5400,79.8100,78.8700,79.0800,949582
2017-10-09,79.1300,79.5200,79.0000,79.2600,734389
2017-10-06,78.6500,79.0600,78.3400,79.0400,1356251
2017-10-05,78.5000,79.1800,78.2500,79.0400,1348763
2017-10-04,78.2800,78.4400,77.7200,78.2200,1159097
2017-10-03,77.9900,78.6800,77.9000,78.2700,1207048
2017-10-02,77.2400,78.4300,77.2300,77.9400,1433469
2017-09-29,77.3100,77.6000,77.0600,77.2100,1131162
2017-09-28,77.1000,77.3400,76.5700,77.1500,1102766
2017-09-27,76.5100,77.5400,76.5100,77.1200,1295987
2017-09-26,76.5000,76.5800,75.9300,76.1200,2267489
2017-09-25,76.7200,76.9500,75.5800,75.9300,1455920
2017-09-22,76.6400,77.0100,76.4400,77.0100,883625
2017-09-21,76.5800,77.1200,75.7000,76.6000,747286
2017-09-20,76.7900,77.1500,76.5300,76.8300,1598266
2017-09-19,76.9800,77.2400,76.3900,76.8200,940826
2017-09-18,76.8300,77.4300,76.5900,76.8500,986671
2017-09-15,77.2600,77.4200,76.8400,76.9800,3455711
2017-09-14,76.7200,77.6900,76.5800,77.3600,1561495
2017-09-13,76.2600,76.9300,76.1400,76.7300,1318058
2017-09-12,75.5000,76.2700,75.2800,76.2500,1139428
2017-09-11,75.1200,75.6100,74.8600,75.4600,1502085
2017-09-08,74.3800,75.2600,74.2000,74.2600,1187738
2017-09-07,74.5000,75.3400,74.2800,74.4700,2054371
2017-09-06,75.0000,75.1400,74.6600,74.6800,2098949
2017-09-05,74.3700,75.1000,73.9100,74.8000,1488538
2017-09-01,74.9800,75.0700,74.4500,74.7600,1363528
2017-08-31,74.4600,75.0000,74.2900,74.9300,1230932
2017-08-30,73.0900,74.3000,72.9900,74.2300,1013731
2017-08-29,72.3800,73.2800,71.3900,72.9400,749955
2017-08-28,71.7000,73.1600,71.4900,72.8000,996703
2017-08-25,71.0200,72.6000,70.8500,71.7400,2408954
2017-08-24,69.2300,70.1100,69.2300,69.9200,843667
2017-08-23,68.1400,69.2300,68.1400,69.2000,856730
2017-08-22,68.0400,68.9700,67.8300,68.7100,1093653
2017-08-21,66.7600,67.2000,66.0800,67.0700,815228
2017-08-18,66.2500,66.9900,65.9300,66.8100,383327
2017-08-17,66.8300,67.6400,66.3800,66.4000,462992
2017-08-16,66.2200,67.5800,66.1700,67.2200,586827
2017-08-15,67.7600,67.9200,66.1800,66.2100,822098
2017-08-14,64.9000,68.1500,64.9000,67.7400,2857300
2017-08-11,62.9200,63.3300,62.7300,63.0400,787831
2017-08-10,63.9000,64.0000,63.1100,63.1700,481767
2017-08-09,63.8500,64.3300,63.6000,64.1200,526363
2017-08-08,64.2200,64.7900,63.9300,64.4500,519361
2017-08-07,64.2100,64.6900,63.9600,64.4500,411350
2017-08-04,64.2100,64.5400,64.0600,64.3900,439028
2017-08-03,63.6900,64.1200,63.4600,64.0100,367390
2017-08-02,64.4900,64.4900,63.4300,63.8500,746241
2017-08-01,64.5400,64.6300,63.9600,64.4700,439028
2017-07-31,64.0000,64.5400,63.9000,64.2700,694706
2017-07-28,63.3100,63.8400,63.0400,63.7200,446929
2017-07-27,64.2000,64.2000,63.0100,63.5300,627397
2017-07-26,64.0600,64.2000,63.7100,64.0200,904936
2017-07-25,63.7300,64.1900,63.3000,63.7100,614189
2017-07-24,63.6000,63.8500,63.4100,63.6700,575058
2017-07-21,63.9500,64.0400,63.3700,63.6300,616168
2017-07-20,63.9600,64.0300,63.5200,63.9400,785880
2017-07-19,62.8400,63.6900,62.7000,63.6300,1889550
2017-07-18,62.6900,62.9100,62.3800,62.7300,816157
2017-07-17,61.3000,63.0100,60.9800,62.9100,1123292
2017-07-14,61.3200,61.5000,61.1000,61.2000,417750
2017-07-13,61.5900,61.7300,61.1000,61.3000,770494
2017-07-12,61.9300,61.9300,61.3000,61.5900,1028195
2017-07-11,61.4500,61.9900,61.1200,61.5200,1071531
2017-07-10,61.5600,61.7100,61.0500,61.5000,696011
2017-07-07,60.9500,61.7400,60.8600,61.5100,557604
2017-07-06,60.3200,60.9100,60.1700,60.8400,1318550
2017-07-05,60.2800,61.0000,59.9300,60.8000,932357
2017-07-03,61.1300,61.9700,60.3600,60.3600,672904
2017-06-30,60.8200,61.4200,60.7900,61.1100,786126
2017-06-29,62.2900,62.4500,60.2700,60.8000,1809633
2017-06-28,62.3000,62.9000,61.9300,62.7000,1625662
2017-06-27,63.3500,63.4000,61.9400,61.9800,1656554
2017-06-26,63.7900,64.3500,63.3000,63.4500,996031
2017-06-23,63.4200,64.3400,63.3300,63.6200,6463060
2017-06-22,63.5500,64.1100,63.3200,63.5600,851511
2017-06-21,62.7300,63.5500,62.6800,63.3200,1073134
2017-06-20,62.7300,62.8700,62.1200,62.2300,887789
2017-06-19,62.5000,63.1700,62.3000,62.6700,785653
2017-06-16,61.8500,62.3200,61.8500,62.1200,1798791
2017-06-15,61.7600,61.9200,60.7700,61.8500,1984614
2017-06-14,63.2500,63.3100,61.6800,62.1700,1141020
2017-06-13,62.3700,63.1800,61.9300,62.8200,1714575
2017-06-12,62.3100,62.6300,61.5700,62.2400,2563430
2017-06-09,65.0000,65.2000,61.8600,62.5600,3722631
2017-06-08,66.6700,67.4800,63.7000,65.1000,3609132
2017-06-07,67.1300,67.8700,67.0000,67.8300,1598229
2017-06-06,66.7100,67.3100,66.2600,67.1300,1473516
2017-06-05,68.1400,68.2000,66.4200,66.6100,2557297
2017-06-02,68.4100,69.0400,66.6600,68.2500,2240355
2017-06-01,69.5000,69.7200,68.7200,69.2800,2453439
2017-05-31,69.0500,69.3900,67.7800,69.3900,9400871
2017-05-30,68.8000,69.3400,68.5600,68.7500,2264627
2017-05-26,68.5300,69.0800,68.3100,68.8000,875386
2017-05-25,68.2800,69.0800,68.1800,68.6600,1685256
2017-05-24,67.5900,68.1200,67.3700,68.0700,1184940
2017-05-23,67.8600,67.9800,67.0000,67.3800,1416677
2017-05-22,65.4200,67.5000,65.2700,67.3800,2365891
2017-05-19,64.8100,65.6500,64.7900,64.9200,706013
2017-05-18,64.5300,64.8500,63.9600,64.6600,1405091
2017-05-17,65.7500,66.1400,64.8600,64.8900,1148939
2017-05-16,66.4100,66.9600,66.3800,66.5400,1176093
2017-05-15,65.0300,66.5600,64.8600,66.2600,1405789
2017-05-12,66.1000,66.3800,64.9500,64.9500,5976548
2017-05-11,66.4900,66.6200,65.9000,66.1000,1401229
2017-05-10,67.1500,67.4200,66.5700,66.9800,1117802
2017-05-09,67.6000,68.2500,67.0500,67.2400,1248437
2017-05-08,67.3900,67.9900,67.0600,67.6300,2077093
2017-05-05,66.3400,67.3800,66.2700,67.2900,1413284
2017-05-04,66.1800,66.5300,65.8800,66.3200,877921
2017-05-03,66.8300,66.8300,66.0000,66.1700,868816
2017-05-02,67.5700,67.8000,66.6900,66.9300,1138842
2017-05-01,67.4400,67.7100,67.0400,67.5700,1729047
2017-04-28,67.4600,67.7500,66.6300,67.1100,872074
2017-04-27,67.5000,67.5900,67.0600,67.4300,873965
2017-04-26,66.3500,67.5400,66.3500,67.0600,1524280
2017-04-25,66.6500,66.9500,66.2600,66.3500,2149133
2017-04-24,65.0000,66.2400,64.9200,66.1800,2264756
2017-04-21,65.0300,65.0300,64.2200,64.4200,1673133
2017-04-20,64.5600,65.0300,64.1300,64.9000,943480
2017-04-19,64.7000,64.7000,64.4100,64.5300,700324
2017-04-18,64.0200,64.6500,63.7600,64.3900,833685
2017-04-17,63.9600,64.3400,63.9600,64.2500,644099
2017-04-13,63.8300,64.4700,63.7100,63.9200,1061050
2017-04-12,64.6100,64.9200,63.7200,63.9000,1291231
2017-04-11,64.9300,65.2000,64.3400,65.1100,1487272
2017-04-10,64.8800,65.2600,64.6500,64.9100,2007482
2017-04-07,64.3200,64.9600,64.2000,64.8700,1612667
2017-04-06,64.1200,64.4900,63.8500,64.2000,1894866
2017-04-05,64.4400,64.9300,63.8400,64.0200,2177645
2017-04-04,63.7400,64.6000,63.6900,64.1800,1594134
2017-04-03,63.9900,64.9200,63.5400,63.8500,1709047
2017-03-31,63.9600,64.4000,63.7300,64.0800,1762892
2017-03-30,63.9000,65.2800,63.7000,63.9900,2585434
2017-03-29,63.4600,64.0100,63.2700,63.9000,1389011
2017-03-28,63.2100,64.1100,63.2100,63.5700,1444760
2017-03-27,62.7700,63.6700,62.3300,63.3700,833083
2017-03-24,63.4400,64.1000,62.9100,63.3700,761414
2017-03-23,62.9700,63.6500,62.5300,63.0800,798915
2017-03-22,62.4600,63.2000,62.3400,62.9800,728810
2017-03-21,64.2500,64.3900,62.2400,62.4400,1193469
2017-03-20,64.0600,64.2800,63.6600,64.0700,678506
2017-03-17,64.3300,64.7500,63.9800,64.1900,932366
2017-03-16,63.8000,64.2300,63.3600,64.0000,1158251
2017-03-15,63.5600,64.1100,63.2900,63.7300,885779
2017-03-14,63.5100,63.6500,62.8400,63.4900,868631
2017-03-13,63.3000,63.8400,63.1300,63.5000,1498507
2017-03-10,63.4000,63.8300,62.9100,63.4800,809678
2017-03-09,63.3200,63.4500,62.6900,63.1300,929247
2017-03-08,63.1400,63.9600,63.0600,63.5200,1243766
2017-03-07,62.7100,63.4600,62.6800,63.0500,869269
2017-03-06,63.1300,63.3300,62.4600,62.7100,1330469
2017-03-03,63.1600,63.4400,62.7500,63.4400,870954
2017-03-02,63.8000,64.4900,63.4000,63.4700,706682
2017-03-01,63.4900,64.4900,63.4700,64.0800,1402460
2017-02-28,63.6400,63.9600,63.3000,63.4900,1207089
2017-02-27,63.9800,64.1800,63.7500,64.0400,1785146
2017-02-24,63.7000,64.3200,63.5000,64.2400,858369
2017-02-23,64.8900,65.0000,63.9000,64.1200,1024886
2017-02-22,64.8500,65.2700,64.6500,64.7700,1072663
2017-02-21,64.5500,65.2900,64.5500,65.1000,1018596
2017-02-17,65.0100,65.2700,64.5700,64.5900,1397832
2017-02-16,65.2000,65.7800,64.7000,65.1200,1297822
2017-02-15,64.7800,65.3100,64.6800,65.1200,662443
2017-02-14,64.7500,65.2900,64.5700,64.8500,1115358
2017-02-13,64.8600,65.6200,64.7800,64.8300,1281155
2017-02-10,65.1900,65.4700,64.6300,64.7300,1035947
2017-02-09,64.8800,65.7800,64.6100,65.0000,1047195
2017-02-08,64.7400,65.1000,64.5000,64.8400,1258568
2017-02-07,64.8600,65.1400,64.4500,64.8600,920273
2017-02-06,64.0300,64.9200,64.0000,64.6300,1410108
2017-02-03,63.5500,64.6400,63.5500,64.3500,657680
2017-02-02,62.7900,64.1000,62.5400,63.9600,1099608
2017-02-01,62.8200,63.3000,62.2000,63.1000,1449714
2017-01-31,62.1000,63.0000,61.9000,62.9900,1369504
2017-01-30,62.1000,62.5600,61.6700,62.4400,1490128
2017-01-27,61.4700,63.0000,61.2000,62.5500,3005781
2017-01-26,60.2400,60.2400,59.4950,59.6100,1590512
2017-01-25,60.0000,60.3300,59.5400,60.0600,1642964
2017-01-24,58.6000,59.9200,58.3800,59.7700,2015094
2017-01-23,59.0400,59.2400,57.6400,58.2800,1097551
2017-01-20,58.7900,59.4700,58.7601,59.2600,1111438
2017-01-19,58.3700,59.3900,58.0900,58.8100,1283773
2017-01-18,57.8100,58.6000,57.6400,58.5700,698093
2017-01-17,58.0900,58.9800,57.6600,57.9400,1384224
2017-01-13,57.5100,58.2700,57.5000,58.1700,1658233
2017-01-12,57.2000,57.7600,56.7801,57.6400,851615
2017-01-11,57.2300,57.6500,57.0300,57.5800,897953
2017-01-10,56.4000,57.6700,56.3300,56.9900,1665099
2017-01-09,56.4200,56.6400,55.6500,56.4900,1405597
2017-01-06,55.5400,56.9600,55.3600,56.7900,1331802
2017-01-05,54.8000,55.5700,54.8000,55.2700,829632
2017-01-04,54.7200,55.4200,54.7200,55.0000,2100954
2017-01-03,55.0800,55.2600,54.1350,54.5700,1628955
2016-12-30,55.2000,55.3000,54.7500,54.9700,804961
2016-12-29,55.0700,55.5780,54.6400,55.2600,833670
2016-12-28,56.0400,56.2100,55.0701,55.3400,1320626
2016-12-27,56.0900,56.4400,55.9100,56.0500,1005915
2016-12-23,55.5600,56.2000,55.5000,56.0900,595874
2016-12-22,57.0500,57.0500,55.4700,55.8400,1573488
2016-12-21,56.7900,57.6500,56.4600,57.2900,1066177
2016-12-20,56.5900,57.2400,56.5000,57.0500,1473771
2016-12-19,56.1500,56.7100,55.8300,56.3900,1220215
2016-12-16,56.6400,56.8400,55.7700,56.4400,5975830
2016-12-15,54.5000,57.0000,54.3700,56.7600,3605137
2016-12-14,53.6600,54.4600,53.5300,54.2100,1837346
2016-12-13,53.8500,54.5000,53.6900,53.7700,1228203
2016-12-12,54.0000,54.2300,53.0750,53.9000,1641474
2016-12-09,53.8400,54.5000,53.5800,53.9700,1677779
2016-12-08,53.7700,54.9000,53.3001,53.9200,2322316
2016-12-07,53.2200,54.1600,52.8700,53.9000,2751771
2016-12-06,52.8200,53.5000,52.7100,53.3700,1659240
2016-12-05,52.8200,53.4300,52.5300,53.0600,1793474
2016-12-02,51.6900,52.9900,51.0200,52.7500,1338122
2016-12-01,53.5500,53.6500,51.2600,51.8800,2249853
2016-11-30,53.5500,53.7000,53.1800,53.5600,1426440
2016-11-29,52.0200,53.4800,52.0200,53.2700,1338996
2016-11-28,52.0000,52.4000,51.8000,52.1400,740276
2016-11-25,51.4100,52.4200,51.3500,52.1900,254001
2016-11-23,51.8000,52.3400,51.3800,51.5400,839435
2016-11-22,52.6000,52.8500,51.5500,52.0900,801751
2016-11-21,51.9000,52.7100,51.9000,52.4400,883798
2016-11-18,51.7800,52.3400,51.7000,51.9900,1179039
2016-11-17,50.5700,52.1513,50.5000,51.8000,1607039
2016-11-16,49.8700,50.8300,49.7200,50.6500,1402724
2016-11-15,49.0300,50.3300,48.8200,50.0800,1962098
2016-11-14,49.1400,49.5500,48.3700,48.9900,983570
2016-11-11,49.2000,49.4500,48.8300,49.1500,887445
2016-11-10,49.3600,50.0500,48.5900,49.2600,1675760
2016-11-09,48.6100,49.8800,48.4600,49.3700,1639145
2016-11-08,49.5200,49.9400,49.4800,49.6800,932477
2016-11-07,48.8900,50.0000,48.8900,49.5200,1281726
2016-11-04,48.6200,49.2200,48.5000,48.6200,1770249
2016-11-03,48.9600,49.4300,48.4800,48.7700,1336942
2016-11-02,48.2400,49.1000,48.1900,49.0000,1840274
2016-11-01,49.1300,49.4800,48.2500,48.4700,2236041
2016-10-31,49.0000,49.4900,48.8150,49.0900,3414274
2016-10-28,48.1100,49.1650,47.9900,48.8700,3823031
2016-10-27,49.4200,49.7500,48.0400,48.3300,7038115
2016-10-26,46.8500,47.3500,46.6400,46.7200,1656033
2016-10-25,47.7300,47.9400,46.8300,46.9900,1515104
2016-10-24,47.6000,48.1000,47.4700,47.9400,1016332
2016-10-21,47.4600,47.6200,47.0800,47.2400,971453
2016-10-20,47.4600,47.8400,47.4300,47.7000,1080203
2016-10-19,47.5500,48.0400,47.5200,47.7100,1249518
2016-10-18,47.5500,47.8000,47.0000,47.6800,1506618
2016-10-17,47.2600,47.6600,47.0300,47.3900,1350811
2016-10-14,47.2300,47.6100,46.9900,47.2400,1530378
2016-10-13,46.9000,47.4500,46.6350,47.1300,1342567
2016-10-12,46.9590,47.4500,46.7600,47.1100,1642490
2016-10-11,47.1600,47.7300,46.9600,47.1400,1753340
2016-10-10,48.0700,48.4000,47.3500,47.5200,1521169
2016-10-07,48.3900,48.4700,47.9400,48.0700,986468
2016-10-06,48.4700,48.5700,47.9700,48.3900,1442336
2016-10-05,47.7400,48.8600,47.5000,48.4700,1858186
2016-10-04,47.8300,48.0000,47.6200,47.8600,1681862
2016-10-03,47.6300,48.0500,47.5900,47.9300,1500267
2016-09-30,47.7800,48.1000,47.5600,47.8000,1730377
2016-09-29,47.6100,47.9300,47.5100,47.5700,1659201
2016-09-28,47.8800,48.1100,47.5300,47.8600,2249222
2016-09-27,47.7800,47.9780,47.6450,47.7900,2759074
2016-09-26,47.7200,48.0600,47.6800,47.8900,2842463
2016-09-23,47.8700,48.4699,47.8200,48.0100,2090594
2016-09-22,48.4900,48.7500,47.9100,48.0300,4786607
2016-09-21,48.3800,49.0000,48.2700,48.4200,4177538
2016-09-20,48.6900,48.9400,48.1700,48.7300,3368051
2016-09-19,48.2400,48.8900,48.1600,48.7600,4564512
2016-09-16,48.6300,48.9900,48.1150,48.4700,4991674
2016-09-15,48.1200,49.0300,48.0200,48.8900,4829444
2016-09-14,48.3900,48.6200,48.0000,48.3500,4829556
2016-09-13,48.1300,49.6400,48.0100,48.5000,5064423
2016-09-12,48.0600,49.7000,47.7100,49.4000,3926010
2016-09-09,49.8300,50.1700,48.1305,49.0800,7470246
2016-09-08,48.4500,50.8900,48.4100,50.3100,11551090
2016-09-07,45.0700,49.3800,45.0200,48.0000,41509310
2016-09-06,43.2500,46.2500,42.0200,45.4500,15804844
2016-09-02,43.9080,43.9080,42.7000,42.9800,2280815
2016-09-01,47.5500,47.5500,43.5000,43.5000,2539269
2016-08-31,44.7500,45.1000,44.0000,44.6800,2535330
2016-08-30,46.2500,46.7500,44.5500,45.1500,1348513
2016-08-29,45.8000,47.0000,45.8000,46.3000,390147
2016-08-26,45.9459,45.9500,45.4892,45.7500,62730
2016-08-25,46.2500,46.2500,45.1000,45.4121,104300
2016-08-24,50.0000,50.0000,45.1000,45.6000,708893
2016-08-23,43.7500,45.9000,43.5000,45.0000,416182
2016-08-22,43.0000,45.6000,42.6000,43.6500,630310
2016-08-19,42.7000,43.5000,42.6500,43.5000,1329102
2016-08-18,44.0000,44.0000,42.5000,42.7500,496033
2016-08-17,43.5000,44.0000,43.0000,43.0000,76200
