timestamp,open,high,low,close,volume
2018-02-09,42.6200,43.4100,40.9300,42.9300,18336748
2018-02-08,44.8400,44.8400,42.1700,42.2500,16458352
2018-02-07,44.9700,45.3300,44.2200,44.3900,14960187
2018-02-06,43.0600,45.3000,42.6000,45.0500,20648878
2018-02-05,45.0300,47.6400,44.1100,44.6000,19415651
2018-02-02,47.9900,48.0200,45.9200,46.0300,15944181
2018-02-01,46.8900,49.2500,45.5000,47.5500,19814438
2018-01-31,49.7400,50.1700,49.0350,49.2300,18376314
2018-01-30,48.7500,49.4300,48.2200,49.2600,13417983
2018-01-29,50.6000,50.6800,49.7100,49.9400,15783464
2018-01-26,48.2300,50.5500,48.1057,50.5000,25705402
2018-01-25,46.7400,47.7400,46.3500,47.3800,14501113
2018-01-24,45.4300,47.9400,45.4200,46.7400,20874638
2018-01-23,45.4000,45.7000,44.3400,45.1800,13589749
2018-01-22,45.5100,45.6000,43.3400,45.2600,18430399
2018-01-19,46.1500,46.4000,45.5700,46.0200,6650566
2018-01-18,46.6900,46.8000,45.6000,45.9000,10400935
2018-01-17,46.9000,46.9300,46.0200,46.6100,6980679
2018-01-16,47.3200,47.4000,45.9200,46.4600,13359672
2018-01-12,46.6800,47.2300,46.2850,46.4000,9367176
2018-01-11,46.5000,46.7300,45.8200,46.6100,9719167
2018-01-10,45.4400,46.5000,45.1700,46.4500,11890770
2018-01-09,46.4900,46.8000,45.7900,46.1300,12380892
2018-01-08,45.6750,46.5000,45.5600,46.1000,14483436
2018-01-05,44.0000,45.8300,43.8900,45.6400,18182595
2018-01-04,43.9600,44.0800,43.1300,43.6700,9994171
2018-01-03,43.7200,43.9000,43.1114,43.5100,12451049
2018-01-02,42.1400,43.5000,41.9000,43.2800,18131166
2017-12-29,41.6700,41.8610,41.3065,41.4200,4815885
2017-12-28,42.3100,42.4700,41.6000,41.6300,6835649
2017-12-27,42.1800,42.6300,41.7100,42.2900,7002242
2017-12-26,41.9600,42.4200,41.6450,42.1400,6323869
2017-12-22,42.3100,42.8600,41.9000,42.1900,7162121
2017-12-21,42.2000,42.7000,41.9700,42.2700,7217729
2017-12-20,42.7100,43.0900,41.4400,42.1600,21883585
2017-12-19,41.6100,43.4800,41.6100,42.9700,31675294
2017-12-18,42.0000,42.0900,41.3600,41.6800,20053328
2017-12-15,40.4600,40.5900,39.9000,40.3200,24030539
2017-12-14,40.4000,40.9900,39.8800,40.6300,22350233
2017-12-13,39.0200,40.9100,38.9000,40.8000,28073691
2017-12-12,38.2400,38.8150,38.0300,38.5600,9126401
2017-12-11,38.0500,38.5500,37.6100,38.4600,9114520
2017-12-08,38.4100,38.7800,37.9200,38.0100,9479338
2017-12-07,37.8300,38.3300,37.7300,38.1300,16026007
2017-12-06,36.7100,37.8500,36.5500,37.8200,14647381
2017-12-05,36.0400,37.6299,35.8100,37.3000,16057285
2017-12-04,37.7700,38.2500,36.6600,36.7500,15756822
2017-12-01,37.0200,37.6800,36.5400,37.2700,13550237
2017-11-30,37.8700,38.0000,37.1200,37.4500,16348800
2017-11-29,38.4000,38.6100,37.1000,37.8300,18196834
2017-11-28,38.7600,38.9600,38.3000,38.5700,8241815
2017-11-27,39.0000,39.1300,38.5200,38.6600,9577508
2017-11-24,39.7200,39.7300,39.0500,39.2100,7256261
2017-11-22,40.2000,40.4600,39.4500,39.7900,9319989
2017-11-21,39.4950,40.3700,39.4950,39.8800,13821446
2017-11-20,40.3600,40.4500,38.9000,39.2000,20091061
2017-11-17,40.3400,40.7300,39.9500,40.2500,16660276
2017-11-16,39.6400,40.5800,39.3400,40.2200,18044772
2017-11-15,38.5000,39.3800,37.7900,39.3500,19448579
2017-11-14,41.0000,41.0500,38.2500,38.9000,38812134
2017-11-13,41.9700,42.7700,40.8500,41.3400,43593708
2017-11-10,39.8300,40.4000,39.1700,39.9600,16868913
2017-11-09,40.1900,40.2200,38.8900,39.8000,16879648
2017-11-08,39.9100,40.8300,39.8500,40.3300,17107204
2017-11-07,39.6900,39.9000,39.0900,39.7900,14580119
2017-11-06,39.0100,39.1800,38.6000,39.0100,14493508
2017-11-03,38.4000,38.6100,38.2100,38.4200,15409232
2017-11-02,38.2400,38.6700,37.6650,37.8800,17665958
2017-11-01,38.0000,38.3100,37.7200,37.8600,15783541
2017-10-31,37.8400,38.0300,37.2750,37.5200,13555550
2017-10-30,37.8100,37.8700,36.9400,37.4200,15633951
2017-10-27,37.0100,37.4700,35.7900,37.3600,23617550
2017-10-26,37.5600,37.6800,36.7100,36.8100,19118811
2017-10-25,38.5500,38.9700,37.1300,37.4000,22007041
2017-10-24,38.6600,38.8150,38.4600,38.5200,11835550
2017-10-23,39.1500,39.2000,38.3300,38.4300,13575917
2017-10-20,39.7000,39.7500,38.6900,39.0000,20233520
2017-10-19,39.8000,40.1800,39.2100,39.3800,16244149
2017-10-18,40.0000,40.7700,39.5700,40.3200,19057622
2017-10-17,39.9500,40.1500,39.3700,39.5900,12064728
2017-10-16,40.1400,40.1500,38.9600,39.6700,19926106
2017-10-13,38.7100,38.9700,38.4400,38.7200,13031203
2017-10-12,39.6000,39.6200,38.4400,38.5100,14529005
2017-10-11,40.3700,40.4200,39.5200,39.6200,14050538
2017-10-10,39.2900,40.2900,39.1000,40.1700,16499469
2017-10-09,39.4000,39.4700,38.6900,38.9100,9505437
2017-10-06,38.9800,39.7190,38.9330,39.2400,9685899
2017-10-05,38.6200,39.2660,38.2100,39.1400,11708655
2017-10-04,39.2100,39.2100,37.6100,38.3400,21458574
2017-10-03,39.9300,40.2300,39.1000,39.2100,15964161
2017-10-02,38.4000,39.9400,38.3000,39.1000,18680510
2017-09-29,38.3750,38.8300,37.8200,38.2000,23291002
2017-09-28,39.4800,39.5000,38.2100,38.6500,24883301
2017-09-27,40.7100,40.8400,39.3300,39.7100,20020440
2017-09-26,41.5600,41.7800,40.1100,40.3200,15065031
2017-09-25,42.0400,42.0900,40.4700,40.9300,17094894
2017-09-22,42.4800,42.6800,42.1600,42.3700,11622080
2017-09-21,43.9000,43.9600,42.4100,42.9800,14574084
2017-09-20,44.3900,44.5500,43.7150,44.4400,8012476
2017-09-19,45.0000,45.0400,43.8300,44.3300,9301579
2017-09-18,45.4500,45.8300,44.7100,44.7400,11368523
2017-09-15,45.5850,45.6000,44.7000,44.9100,16589731
2017-09-14,44.8400,45.9300,44.5200,45.2500,12954291
2017-09-13,43.4500,45.2800,43.3600,45.2700,20095030
2017-09-12,42.3600,43.5000,41.8100,43.2900,14168299
2017-09-11,41.7100,42.5000,41.7100,42.0400,10180451
2017-09-08,41.7600,41.9560,41.0700,41.1500,6986864
2017-09-07,41.7300,42.1330,41.5700,41.8300,5668129
2017-09-06,41.7000,42.1800,41.1350,41.6400,7885979
2017-09-05,41.5250,41.8800,40.9700,41.4000,9504609
2017-09-01,41.9300,42.4900,41.6800,41.9900,5975195
2017-08-31,42.3800,42.5100,41.3970,41.9050,9740885
2017-08-30,40.9000,42.0500,40.8950,41.9400,9517530
2017-08-29,39.4000,41.0700,39.3300,40.8400,9314037
2017-08-28,41.0000,41.1220,39.4300,40.3500,14595878
2017-08-25,42.0400,42.1400,40.3600,40.8700,15692910
2017-08-24,42.8100,42.9600,41.4500,42.0700,13348796
2017-08-23,42.1300,43.0600,41.8500,42.4400,14356712
2017-08-22,41.8700,42.2150,41.1500,42.1500,15554177
2017-08-21,40.4000,41.4700,40.2100,41.2600,17044319
2017-08-18,41.0600,41.1700,39.9300,40.1300,19036032
2017-08-17,43.0400,43.1500,40.7500,40.8000,30527709
2017-08-16,44.4700,44.9500,43.4600,43.6500,14073354
2017-08-15,44.9400,44.9800,43.2600,44.0500,18761535
2017-08-14,45.0000,45.4500,43.0600,44.2500,36753356
2017-08-11,45.5000,46.2130,44.9100,45.9000,16119677
2017-08-10,47.5000,47.8500,45.7600,46.0900,12244433
2017-08-09,47.6400,47.8800,46.8900,47.8400,10069785
2017-08-08,47.9200,48.9900,47.6300,48.1500,16061883
2017-08-07,46.6400,47.9500,46.2700,47.5600,10439175
2017-08-04,45.6000,46.4150,45.3400,46.4000,5766422
2017-08-03,45.4900,45.7300,44.6600,45.3000,7969192
2017-08-02,45.5500,45.7500,44.1600,45.2500,7932284
2017-08-01,45.8200,45.9100,45.2500,45.5500,6137169
2017-07-31,45.2700,45.9840,44.4400,45.1700,11320174
2017-07-28,44.7000,45.9610,44.2000,45.2200,8913136
2017-07-27,46.5000,46.8500,43.8800,45.1600,15980287
2017-07-26,44.7600,46.8500,44.6200,45.8700,15664552
2017-07-25,43.7500,44.7300,43.2700,44.4600,8479143
2017-07-24,43.1500,43.6800,43.0500,43.5400,5825546
2017-07-21,43.0000,43.2350,42.4000,43.0800,4115221
2017-07-20,43.2600,43.4900,42.5150,42.9200,5823727
2017-07-19,43.4000,44.0900,42.7710,43.2200,12207989
2017-07-18,41.6000,43.1000,41.3400,42.9900,10107559
2017-07-17,42.0500,42.1400,40.9700,41.6300,7550082
2017-07-14,41.3800,42.1350,41.1750,42.0100,7268307
2017-07-13,41.5000,41.9100,41.0100,41.4300,5129876
2017-07-12,41.2700,41.9800,41.2000,41.4400,8109604
2017-07-11,40.5900,41.3350,40.3200,40.8100,7981127
2017-07-10,39.2500,40.6350,39.2100,40.4200,9625160
2017-07-07,39.1000,39.6600,39.1000,39.2200,6586982
2017-07-06,39.2100,39.4900,38.7100,39.1100,8506063
2017-07-05,38.9500,39.9200,38.5100,39.7600,11584563
2017-07-03,39.8300,39.8300,38.7500,38.8600,5713432
2017-06-30,39.8650,39.9500,38.7400,39.2200,13271219
2017-06-29,41.1500,41.1900,39.2200,39.5000,14952449
2017-06-28,41.4900,41.5200,39.6300,41.2800,13714726
2017-06-27,42.7900,42.9500,40.5300,40.6900,16029517
2017-06-26,43.3100,44.1800,42.0500,43.0800,17073156
2017-06-23,41.3000,43.0600,41.0000,42.9500,15860841
2017-06-22,40.6200,41.4500,40.6000,41.3300,11009132
2017-06-21,39.1900,41.2700,38.9800,41.0900,16040907
2017-06-20,39.6000,39.8400,38.7500,38.9000,8672760
2017-06-19,39.4550,40.3200,39.3500,39.7400,17094129
2017-06-16,37.9200,38.5850,37.7300,38.1700,10328759
2017-06-15,38.0300,38.1400,36.7700,38.1200,17218376
2017-06-14,39.5700,39.5745,38.2000,38.4000,14856262
2017-06-13,39.8300,40.1400,38.9365,39.2700,11098780
2017-06-12,39.0000,39.6200,37.9800,39.2200,18130801
2017-06-09,42.4900,42.5100,38.4600,39.0000,23285148
2017-06-08,43.4100,43.8000,41.2200,41.9200,23897036
2017-06-07,40.3000,41.4300,40.1500,41.1800,7187410
2017-06-06,40.2000,40.5500,40.0700,40.1800,6317790
2017-06-05,40.3200,40.5300,40.0700,40.3200,5543313
2017-06-02,40.3200,40.3700,39.8600,40.2300,8721058
2017-06-01,40.2000,40.4700,39.9800,40.2900,10061442
2017-05-31,40.7200,40.7900,39.6900,40.0300,14503580
2017-05-30,41.1000,41.1000,40.3700,40.7900,7109914
2017-05-26,40.9300,41.1000,40.6150,40.9900,6780278
2017-05-25,41.0000,41.3500,40.7150,41.0200,9737561
2017-05-24,40.8600,40.9100,39.7700,40.4400,10724131
2017-05-23,41.9600,41.9700,40.3200,40.7200,11557421
2017-05-22,41.6100,41.9700,41.2000,41.6600,11472038
2017-05-19,40.4700,41.7200,40.4200,41.0600,12501170
2017-05-18,39.0250,40.3950,38.5900,40.1600,12521356
2017-05-17,40.2000,40.9600,39.9600,40.0400,10284555
2017-05-16,40.2800,41.0000,40.2300,40.7700,14975910
2017-05-15,40.9900,41.0118,39.9100,40.2300,12498618
2017-05-12,39.8200,40.7200,39.7700,40.5600,13923142
2017-05-11,39.1500,40.0000,38.7500,39.7600,13039746
2017-05-10,38.5500,39.3600,38.4200,39.3200,16745122
2017-05-09,38.8400,38.9900,38.2800,38.5300,16211102
2017-05-08,37.8800,39.0900,37.6900,38.5500,31389643
2017-05-05,35.5000,35.9000,35.1600,35.7800,9033875
2017-05-04,35.2600,35.4950,34.9578,35.4000,10001587
2017-05-03,35.5300,35.5300,34.5100,35.1500,7920871
2017-05-02,35.3500,35.5650,34.8700,35.4500,5194750
2017-05-01,35.1400,35.4500,35.0200,35.3400,5712699
2017-04-28,35.5000,35.5000,34.7300,35.0700,4759964
2017-04-27,35.0500,35.3200,34.9700,35.3000,4982978
2017-04-26,35.0600,35.0750,34.8000,34.9400,6069918
2017-04-25,35.0000,35.0700,34.8800,34.9600,6890089
2017-04-24,34.7800,34.9400,34.3600,34.5700,9595918
2017-04-21,34.1400,34.7250,34.0000,34.3500,11713477
2017-04-20,34.0400,34.1400,33.4500,33.9700,7963522
2017-04-19,33.1600,34.0000,33.1000,33.3600,10268606
2017-04-18,32.6700,33.0050,32.5500,32.8400,4273453
2017-04-17,32.6700,33.0899,32.5800,32.7200,4383267
2017-04-13,32.7400,32.8700,32.4500,32.4700,3029646
2017-04-12,32.3100,32.8800,32.3100,32.7100,6817951
2017-04-11,32.7000,33.2810,32.2200,32.3000,8054205
2017-04-10,32.1600,32.9200,32.1500,32.6700,8303755
2017-04-07,32.2000,32.2500,31.5700,32.0100,5623881
2017-04-06,31.6900,32.2600,31.4900,32.2300,5840730
2017-04-05,31.5800,32.0600,31.4400,31.5300,5368448
2017-04-04,31.8000,31.8900,31.2300,31.4400,4927524
2017-04-03,31.4300,32.1000,31.2700,31.9200,7934878
2017-03-31,31.4000,31.5600,31.0850,31.1100,5975227
2017-03-30,31.5000,31.8900,31.4700,31.5600,4907678
2017-03-29,31.5000,31.6700,31.4250,31.5800,3152826
2017-03-28,31.3300,32.0000,31.2100,31.4600,5862345
2017-03-27,31.0000,31.5500,30.7600,31.3800,4055379
2017-03-24,31.4200,31.8400,31.1000,31.2600,5826837
2017-03-23,30.8500,31.3500,30.6100,31.2900,8940535
2017-03-22,30.1800,30.6100,29.8800,30.5800,6790040
2017-03-21,31.8800,31.9300,30.1400,30.3200,9364436
2017-03-20,31.5700,31.8700,31.5400,31.7200,4270760
2017-03-17,31.7700,31.7700,31.3400,31.5600,6464095
2017-03-16,31.8700,32.2100,31.4400,31.5400,6367450
2017-03-15,31.3500,31.5300,31.0800,31.3800,4368827
2017-03-14,31.4600,31.5900,31.1100,31.3700,4364713
2017-03-13,31.2700,31.8200,31.1500,31.6900,6473455
2017-03-10,31.3500,31.5500,30.9450,31.0600,6038544
2017-03-09,31.1500,31.5100,30.9600,31.2000,5546220
2017-03-08,30.6100,31.6400,30.6000,31.3400,8226569
2017-03-07,30.2000,30.9400,29.9600,30.7500,7488251
2017-03-06,30.9700,30.9800,30.2400,30.4100,8109765
2017-03-03,31.3200,31.5800,30.8700,30.9300,9199263
2017-03-02,31.7400,32.4700,30.4800,30.9300,22176037
2017-03-01,30.8300,30.9900,30.5600,30.6700,7942571
2017-02-28,30.9700,31.1600,30.3600,30.5700,8639465
2017-02-27,30.3000,30.9100,30.2500,30.8000,5946260
2017-02-24,30.5000,30.5200,30.0300,30.2700,4641515
2017-02-23,30.7500,30.8800,30.2300,30.6100,9921265
2017-02-22,30.2700,30.6700,30.1000,30.4700,6604605
2017-02-21,30.0000,30.2850,29.8100,30.2300,5131397
2017-02-17,29.5700,30.2700,29.5100,29.8500,7080140
2017-02-16,30.3200,30.5700,30.0300,30.2300,7706227
2017-02-15,29.5000,30.2500,29.4000,30.1400,8001239
2017-02-14,29.4800,29.7400,29.2800,29.4300,3330771
2017-02-13,29.5200,29.6500,29.1050,29.5200,6084490
2017-02-10,29.2100,29.5250,29.0100,29.3800,4491403
2017-02-09,28.9600,29.2000,28.7600,29.0100,6234699
2017-02-08,28.8100,29.0600,28.6300,28.9800,3769446
2017-02-07,28.6600,28.9400,28.4600,28.8100,4834574
2017-02-06,28.6400,28.8000,28.3500,28.5400,3919297
2017-02-03,28.2800,28.4000,28.0800,28.3200,3671480
2017-02-02,28.0000,28.2100,27.8800,28.1700,4403282
2017-02-01,28.5900,28.5900,28.0200,28.1300,4109167
2017-01-31,28.3200,28.4600,28.0100,28.4000,4381726
2017-01-30,28.1700,28.6400,28.0600,28.5600,3595494
2017-01-27,28.3500,28.5000,28.1200,28.3600,3107023
2017-01-26,28.8000,28.8000,28.1800,28.3200,6052070
2017-01-25,28.7700,28.8400,28.3538,28.5900,7484578
2017-01-24,28.5000,28.9100,28.2200,28.5400,13843192
2017-01-23,27.5000,28.2700,27.4600,28.1800,9972357
2017-01-20,27.9600,28.1400,27.5400,27.6000,7141958
2017-01-19,27.3000,27.8400,27.1300,27.7500,10279738
2017-01-18,27.3400,27.5000,26.8600,27.1600,5974390
2017-01-17,26.8200,27.6500,26.7100,27.2100,7717468
2017-01-13,26.7700,26.9000,26.5200,26.8400,5929707
2017-01-12,26.8300,26.8300,26.4800,26.6100,4867676
2017-01-11,26.7600,27.1800,26.4450,26.7700,5498066
2017-01-10,26.3000,27.1000,26.2500,26.9000,20417379
2017-01-09,26.6400,26.9500,26.1400,26.2600,8072075
2017-01-06,26.3000,26.4100,25.9200,26.2700,6234331
2017-01-05,26.1500,26.8000,26.0500,26.3000,10205559
2017-01-04,26.0500,26.0850,25.5850,25.8500,7862762
2017-01-03,25.9500,26.1100,25.6400,25.8200,8275311
2016-12-30,25.6800,25.8400,25.2850,25.4400,3531505
2016-12-29,25.7600,25.9115,25.5600,25.6400,3394780
2016-12-28,26.0900,26.1950,25.6100,25.7400,2880628
2016-12-27,25.5200,26.2100,25.4550,25.9300,5188205
2016-12-23,25.5100,25.8500,25.3400,25.4900,5616297
2016-12-22,25.8600,25.9000,25.4900,25.6200,4442017
2016-12-21,25.4200,25.9600,25.4200,25.8800,3935765
2016-12-20,25.7200,25.7200,25.3100,25.5200,4972665
2016-12-19,25.6000,25.6400,25.2500,25.3800,4873582
2016-12-16,25.7300,26.1600,25.5700,25.6100,7792460
2016-12-15,26.7400,26.7400,25.5800,25.7700,9761438
2016-12-14,26.6900,27.3800,26.5100,26.9500,11007725
2016-12-13,26.3100,26.9200,25.9200,26.6600,7137258
2016-12-12,26.3800,26.6200,25.8200,26.1600,6383423
2016-12-09,26.8700,26.9700,26.2650,26.8400,7892442
2016-12-08,26.9900,27.2000,26.6900,26.9700,8078966
2016-12-07,25.7600,27.1900,25.7200,26.9800,17786711
2016-12-06,26.0900,26.2600,25.7700,25.8300,4690779
2016-12-05,25.8600,26.3150,25.5800,25.9500,7537700
2016-12-02,26.3200,26.4500,25.7200,25.8800,9493292
2016-12-01,26.7900,26.9500,26.1800,26.3000,11150653
2016-11-30,26.9300,27.4000,26.6650,26.8700,15084817
2016-11-29,25.8400,27.7000,25.7500,26.8500,29892613
2016-11-28,25.5600,25.9450,25.5399,25.8300,9681689
2016-11-25,25.8900,25.9900,25.4300,25.5400,6497668
2016-11-23,25.7600,25.9500,25.6500,25.7400,5986269
2016-11-22,26.0000,26.1350,25.6400,25.8100,7125086
2016-11-21,26.5000,26.5601,25.8900,26.0000,7494752
2016-11-18,26.7500,26.8900,26.2550,26.4500,5658152
2016-11-17,26.5000,26.9300,26.3300,26.7500,8590293
2016-11-16,25.6200,26.6000,25.6200,26.5100,9433066
2016-11-15,25.6900,26.9600,25.2900,26.4100,38369212
2016-11-14,24.2300,24.2300,23.3750,23.7100,15581497
2016-11-11,24.2500,24.5200,23.6800,24.0400,12219739
2016-11-10,25.5000,25.5000,23.8800,24.3900,10182802
2016-11-09,24.6000,25.5800,24.6000,25.1300,6544750
2016-11-08,25.5100,25.5500,25.0150,25.4400,6778090
2016-11-07,25.1800,25.7150,25.0000,25.4600,8212158
2016-11-04,24.5700,24.7700,24.3100,24.6500,7038280
2016-11-03,24.5400,25.0500,24.5100,24.6700,6738788
2016-11-02,25.4400,25.5000,24.3700,24.7400,14255094
2016-11-01,25.9000,26.0400,25.1800,25.3100,9236391
2016-10-31,26.0300,26.4400,25.9300,25.9500,5345174
2016-10-28,25.7000,26.0500,25.3800,25.9000,8031905
2016-10-27,26.5900,26.6800,25.7300,25.8800,9069430
2016-10-26,26.3200,26.5700,26.1400,26.4800,4687801
2016-10-25,26.5500,26.6900,26.2500,26.4200,4902396
2016-10-24,27.0000,27.1200,26.0900,26.5000,11741345
2016-10-21,26.6100,26.9000,26.5800,26.8700,5368571
2016-10-20,26.1700,26.8550,26.1700,26.6500,8381403
2016-10-19,26.3600,26.5800,26.0900,26.3000,6073506
2016-10-18,26.7800,26.7900,26.2000,26.2600,5754426
2016-10-17,26.3000,26.8400,26.1400,26.3100,5593158
2016-10-14,26.7200,26.7800,26.2700,26.5000,7110387
2016-10-13,26.1500,26.2700,25.5300,26.2700,14027616
2016-10-12,26.6100,26.8200,26.3400,26.5900,8227576
2016-10-11,27.2400,27.4050,26.5800,26.7500,7285082
2016-10-10,27.0400,27.5100,26.7700,27.3000,7989085
2016-10-07,27.4000,27.5000,26.8000,27.0300,9607399
2016-10-06,28.4500,28.5300,26.9600,27.4000,15635288
2016-10-05,27.5900,28.0900,27.2800,27.9300,23699714
2016-10-04,26.1500,29.2350,26.1250,27.4900,29533273
2016-10-03,26.0300,26.1300,25.7000,26.1100,9348917
2016-09-30,26.0100,26.3200,25.9200,26.0900,6577301
2016-09-29,26.2200,26.4800,25.8000,25.9800,16217582
2016-09-28,26.6400,26.8700,26.0100,26.2900,9455705
2016-09-27,26.6000,27.2900,26.5500,26.6800,12270322
2016-09-26,26.5400,26.6100,26.3500,26.5400,11176748
2016-09-23,26.3200,26.9900,26.1800,26.8400,13020867
2016-09-22,26.0000,26.4000,25.8600,26.3000,17247472
2016-09-21,25.9400,26.0300,25.5400,25.8800,12895583
2016-09-20,25.8800,26.1600,25.6800,25.8500,8912956
2016-09-19,26.3400,26.4800,25.9300,26.0500,8593112
2016-09-16,26.2300,26.5500,26.0100,26.2300,11428241
2016-09-15,26.0000,26.1300,25.6200,26.1300,12228754
2016-09-14,26.5900,26.6900,25.7100,26.0100,16734216
2016-09-13,26.2200,26.5750,26.1100,26.5300,10934799
2016-09-12,25.6000,26.5750,25.5500,26.5000,12505496
2016-09-09,26.8600,26.9500,26.3400,26.3700,13938552
2016-09-08,26.6000,27.0800,26.5500,26.8600,8710167
2016-09-07,26.5700,26.7800,26.4800,26.5500,9256252
2016-09-06,25.7200,27.0000,25.7200,26.5400,18271835
2016-09-02,25.9000,26.0700,25.5200,25.5500,9844031
2016-09-01,25.4100,25.7300,25.3300,25.7100,5595909
2016-08-31,25.5000,25.6950,25.2000,25.4100,10244243
2016-08-30,25.7100,25.9500,25.4950,25.5900,6194472
2016-08-29,25.8500,25.8500,25.4700,25.6100,5399966
2016-08-26,25.4600,25.9900,25.4200,25.7900,9713367
2016-08-25,25.4000,25.7000,25.2950,25.4200,9101723
2016-08-24,25.9700,26.0800,25.5100,25.5600,9650367
2016-08-23,25.8100,26.3000,25.7850,25.9400,9013682
2016-08-22,25.9500,25.9900,25.5200,25.7700,7850838
2016-08-19,26.1500,26.2000,25.7000,25.9100,20568715
2016-08-18,25.3400,25.5200,25.1200,25.4000,10071253
2016-08-17,24.9000,25.4400,24.8000,25.3900,12086235
2016-08-16,25.5700,25.5800,24.7500,25.0200,13730805
2016-08-15,24.8600,25.6200,24.8500,25.3200,16615135
2016-08-12,23.2700,24.8900,22.9300,24.6500,27840241
2016-08-11,23.6500,24.0000,23.0700,23.2900,17637932
2016-08-10,24.1100,24.6000,23.2600,23.4100,33722234
2016-08-09,22.3600,22.6900,22.0500,22.3700,19990922
2016-08-08,21.8200,22.3700,21.5500,22.3500,11757581
2016-08-05,21.5000,22.1725,21.2900,21.8500,8376975
2016-08-04,21.6500,21.7300,21.2200,21.3700,9724768
2016-08-03,21.6500,21.7800,21.5100,21.7300,6009109
2016-08-02,21.8600,21.9800,21.5600,21.8000,5046648
2016-08-01,21.6900,22.1300,21.6600,21.8400,7058476
2016-07-29,22.1100,22.1300,21.5500,21.6500,8820690
2016-07-28,22.2000,22.2700,21.9700,22.1400,5436426
2016-07-27,22.5000,22.6400,22.2000,22.3600,5465712
2016-07-26,21.8500,22.6500,21.7400,22.4800,10490806
2016-07-25,22.0000,22.0200,21.5100,21.8500,4859823
2016-07-22,22.0600,22.0600,21.6500,21.9200,7038544
2016-07-21,22.8700,22.8700,21.9400,21.9900,12080374
2016-07-20,22.5200,22.9000,22.3200,22.6600,12076577
2016-07-19,21.8500,22.6000,21.8500,22.4200,11323702
2016-07-18,21.4000,22.3500,21.4000,22.1400,10227491
2016-07-15,21.7300,21.7800,21.3100,21.4100,6555430
2016-07-14,21.9500,21.9800,21.6300,21.6800,8905553
2016-07-13,22.2000,22.3000,21.5100,21.6800,9906981
2016-07-12,22.1400,22.3000,21.8700,22.2100,12988218
2016-07-11,20.8800,22.0100,20.8500,21.7600,17041841
2016-07-08,20.6100,20.7300,20.3400,20.7200,9715258
2016-07-07,20.4600,20.6650,20.3100,20.5700,6776143
2016-07-06,20.5500,20.6400,20.0350,20.3800,13669069
2016-07-05,21.1800,21.3000,20.4000,20.8600,10698089
2016-07-01,21.2300,21.5000,20.9800,21.3100,8291555
2016-06-30,20.3900,21.3400,20.3399,21.2300,14122861
2016-06-29,20.4800,20.8230,20.3050,20.3900,11708079
2016-06-28,20.5300,20.9900,20.1750,20.3200,14651559
2016-06-27,20.5400,20.6500,19.9090,20.2400,11356761
2016-06-24,20.3900,21.2500,20.2500,20.6400,23682965
2016-06-23,21.4200,21.5100,21.0400,21.4600,6173500
2016-06-22,21.1200,21.5200,20.7700,21.2000,15245784
2016-06-21,21.3700,21.4800,20.9100,21.1300,11895359
2016-06-20,20.6800,22.0400,20.6000,21.0600,28239264
2016-06-17,20.5100,20.5600,19.8500,20.1300,14205945
2016-06-16,19.9500,20.5100,19.5100,20.4300,26123203
2016-06-15,21.0000,21.0000,19.9100,20.1700,19726915
2016-06-14,21.0600,21.1400,20.3800,20.9000,15179061
2016-06-13,20.9500,21.2800,20.8000,20.9900,9725979
2016-06-10,21.4000,21.5300,20.8850,21.0600,13279993
2016-06-09,21.0700,21.8200,20.8200,21.7100,20359233
2016-06-08,22.2000,22.2700,21.2100,21.2400,27727728
2016-06-07,23.5100,23.5400,21.7100,22.0100,35788732
2016-06-06,23.1600,23.5050,23.1200,23.3200,9133421
2016-06-03,23.7100,23.9000,22.8500,22.9800,13132723
2016-06-02,24.0000,24.2200,23.4450,23.6600,11889680
2016-06-01,24.3500,24.3700,23.6800,23.7900,17704669
2016-05-31,24.5700,25.0000,24.1700,24.6100,95370800
2016-05-27,23.3200,24.2800,23.1800,24.2500,16123514
2016-05-26,23.3100,23.3900,22.8600,23.1700,12505389
2016-05-25,23.8000,23.9000,22.8050,22.9800,18157272
2016-05-24,23.1900,24.0400,23.0100,23.7900,17843252
2016-05-23,23.4100,23.4600,22.8000,22.8900,8444100
2016-05-20,23.1800,23.9100,23.1800,23.4500,11508744
2016-05-19,23.3500,23.9400,22.8400,23.1100,12931409
2016-05-18,23.7400,23.9300,23.3100,23.6000,12681852
2016-05-17,23.2800,24.4200,23.2800,23.8800,14692004
2016-05-16,22.8200,23.5100,22.8200,23.3700,14553164
2016-05-13,22.4800,22.9400,22.3500,22.6400,16484833
2016-05-12,23.5300,23.6800,22.0200,22.1100,28229912
2016-05-11,24.0100,24.0100,23.0000,23.1300,19287250
2016-05-10,23.2300,24.1900,23.2200,23.7700,15698241
2016-05-09,23.9900,23.9900,22.6700,23.4300,45307397
2016-05-06,24.9300,25.4500,24.4800,25.2000,15385510
2016-05-05,25.0700,25.1700,24.5900,24.8500,13347853
2016-05-04,24.3100,24.7200,24.1400,24.2200,15504116
2016-05-03,25.1300,25.1300,24.2500,24.4000,12706771
2016-05-02,25.5200,25.6500,24.9700,25.2900,9604735
2016-04-29,25.5800,26.2800,24.9000,25.5600,13835303
2016-04-28,25.3600,26.3000,25.3600,25.6500,12202852
2016-04-27,25.1100,25.8400,25.0000,25.3400,22144518
2016-04-26,27.4300,27.5800,24.5500,25.0700,51175809
2016-04-25,28.0900,28.1992,27.3100,27.4300,7511572
2016-04-22,28.6000,28.7700,27.6600,28.3000,7841393
2016-04-21,28.7500,29.2100,28.6800,28.7900,6355652
2016-04-20,28.6000,28.7900,28.4100,28.6800,7914234
2016-04-19,29.6600,29.7700,28.5950,28.8500,9290198
2016-04-18,29.7300,29.8600,29.0000,29.3400,9061136
2016-04-15,29.8900,30.0100,29.7700,29.8800,7269482
2016-04-14,29.4900,29.8700,29.3000,29.6300,5552938
2016-04-13,28.7800,29.7900,28.7200,29.5800,13914868
2016-04-12,27.1900,28.1700,27.1900,28.1000,10061790
2016-04-11,27.0000,27.7300,26.9600,27.2800,8124615
2016-04-08,26.9400,27.3400,26.7150,26.8600,4830820
2016-04-07,26.8000,27.0000,26.4300,26.5100,7843907
2016-04-06,26.7400,26.9900,26.1800,26.7400,9612340
2016-04-05,26.3500,26.7600,26.2010,26.5200,6661683
2016-04-04,26.7600,27.0500,26.3700,26.6400,8024295
2016-04-01,26.2600,27.2500,26.0900,26.7600,10965622
2016-03-31,27.3700,27.4800,26.4200,26.5000,8153707
2016-03-30,26.6600,27.6150,26.6600,27.2400,12037365
2016-03-29,25.8400,26.6300,25.5900,26.4200,15294069
2016-03-28,26.3200,26.3300,25.6350,25.8200,9130395
2016-03-24,26.4600,26.4600,26.1000,26.3600,7954765
2016-03-23,26.9100,27.0500,26.2900,26.7400,8036115
2016-03-22,26.7000,27.0400,26.5800,26.9900,6492039
2016-03-21,27.2600,27.5600,26.5800,26.9600,10530256
2016-03-18,27.1700,27.3600,26.5200,27.0800,12890744
2016-03-17,27.5000,28.0400,26.9850,27.0300,9674575
2016-03-16,27.0300,27.9600,26.9500,27.8400,7251802
2016-03-15,27.4500,27.5000,26.8650,27.1600,6979250
2016-03-14,28.0000,28.2500,27.6900,27.7400,7517202
2016-03-11,26.7500,27.9200,26.5300,27.8300,11863145
2016-03-10,26.4800,26.8150,26.0100,26.3900,8237536
2016-03-09,26.1600,26.4800,25.7700,26.3400,6110331
2016-03-08,25.8500,26.3400,25.7600,26.0700,9126718
2016-03-07,26.2800,26.5600,25.9000,26.1400,12718738
2016-03-04,25.9400,26.5500,25.6800,26.4800,13871774
2016-03-03,26.7800,26.7800,25.2100,25.5900,15821357
2016-03-02,27.1200,27.1300,26.2600,26.6400,14655409
2016-03-01,26.8900,27.1900,26.3100,26.5000,17268274
2016-02-29,25.3300,26.0000,25.2800,25.7100,14099064
2016-02-26,25.6600,25.8000,25.1600,25.4100,8269343
2016-02-25,24.7500,25.1000,24.4400,24.9300,10993268
2016-02-24,25.1000,25.7600,24.3000,25.6800,10381304
2016-02-23,26.0100,26.1700,25.5000,25.5900,5601468
2016-02-22,26.0900,26.4700,25.6700,26.3200,8158183
2016-02-19,25.2000,25.8200,24.8900,25.5400,7525272
2016-02-18,25.9000,25.9000,25.0100,25.3300,11910918
2016-02-17,25.4200,26.2000,24.8600,25.7200,17465739
2016-02-16,24.7600,25.9900,24.1800,24.9800,20056886
2016-02-12,23.1000,23.4100,22.4500,23.1300,13903599
2016-02-11,22.5300,23.1300,22.1350,22.9000,20207587
2016-02-10,23.3800,23.5600,22.8400,23.2400,12427190
2016-02-09,22.7000,23.5250,22.4700,22.8800,16699044
2016-02-08,23.0500,23.2600,22.1800,23.2100,30399427
2016-02-05,24.6900,24.9500,23.5100,23.6400,19828476
2016-02-04,24.0000,25.2600,23.9700,24.9600,20950950
2016-02-03,24.6800,24.7900,23.3700,23.8100,20209972
2016-02-02,25.3200,25.5700,24.5250,24.6700,11283243
2016-02-01,25.6200,25.9600,25.1400,25.5900,10915508
2016-01-29,25.8500,26.3500,25.5000,26.0300,11895763
2016-01-28,26.0000,26.0800,24.9700,25.3700,21548344
2016-01-27,27.0400,27.0400,25.1450,25.3800,21140395
2016-01-26,26.7500,27.2000,26.0900,27.0000,6816336
2016-01-25,27.1200,27.5250,26.9500,27.0300,6988358
2016-01-22,27.8900,27.8900,26.9550,27.2700,9454409
2016-01-21,26.1700,27.1600,25.8000,26.6900,8423142
2016-01-20,26.5000,26.8800,25.3600,26.3800,23393332
2016-01-19,28.3200,28.6350,26.9400,27.4100,14022407
2016-01-15,26.5000,27.2900,26.3500,26.9900,13641516
2016-01-14,27.3500,28.4300,26.8502,28.1200,9756942
2016-01-13,28.3700,28.5000,26.7800,27.1000,8981127
2016-01-12,27.5200,28.3000,27.2450,28.2050,11202565
2016-01-11,27.3500,27.7300,25.9700,27.0300,18866572
2016-01-08,28.5800,28.9000,27.4700,27.6200,15164071
2016-01-07,28.3400,29.1500,27.6500,27.9500,18155683
2016-01-06,29.2300,30.0300,29.0500,29.7600,12988927
2016-01-05,30.0500,30.3000,29.6000,30.0000,9426355
2016-01-04,30.6600,30.6600,29.0000,29.5300,18265272
2015-12-31,31.9600,32.7100,31.6300,32.2650,3463995
2015-12-30,32.0900,32.6100,31.9100,32.0800,3746288
2015-12-29,32.1900,32.9450,32.0500,32.6500,6311122
2015-12-28,32.5000,32.5450,31.3700,31.8900,6195051
2015-12-24,32.6500,32.7800,32.5400,32.5800,1728928
2015-12-23,32.5700,33.1000,32.5100,32.5400,4869393
2015-12-22,32.4500,32.6400,32.1500,32.5300,6373222
2015-12-21,32.9400,33.1000,32.3800,32.5000,4843962
2015-12-18,32.1100,32.7900,31.9300,32.6500,8456109
2015-12-17,32.6500,33.4800,31.8900,32.3800,10487054
2015-12-16,31.9000,32.3550,31.7500,32.2250,6822602
2015-12-15,31.0000,31.9000,31.0000,31.5800,7356709
2015-12-14,30.7800,30.8500,30.0300,30.8400,7091830
2015-12-11,31.1500,31.3000,30.5300,30.5500,11736432
2015-12-10,31.5800,31.7500,31.1600,31.6000,7783407
2015-12-09,31.7700,32.0800,31.2050,31.5800,5257019
2015-12-08,31.9700,32.2500,31.5800,31.8900,7786964
2015-12-07,32.3600,32.6200,31.8900,32.5300,6434597
2015-12-04,31.3500,32.3700,31.1000,32.2500,9732569
2015-12-03,32.0000,32.4800,31.0800,31.5600,9512552
2015-12-02,31.7000,32.4400,31.3000,31.9300,12022523
2015-12-01,30.3800,31.5800,30.2000,31.5000,12626836
2015-11-30,30.3800,30.9300,29.8400,30.6800,37066347
2015-11-27,29.1000,30.0500,29.0700,29.9500,6163416
2015-11-25,30.4500,30.7500,29.8250,29.9900,6705568
2015-11-24,30.6000,31.1800,30.1000,30.3500,8037361
2015-11-23,30.0800,31.0700,29.9900,30.6800,14031677
2015-11-20,29.3300,30.0500,29.1300,29.9900,11573342
2015-11-19,28.7100,29.2150,28.3266,29.0500,9054017
2015-11-18,29.1500,29.2000,27.9500,28.5600,10246813
2015-11-17,29.1900,29.9500,28.6700,28.9300,13861198
2015-11-16,26.7100,29.5800,26.5308,28.8100,26242713
2015-11-13,27.8200,28.2500,26.6000,26.7500,23067720
2015-11-12,28.1800,29.4500,27.6500,28.7800,15874668
2015-11-11,28.4400,28.4900,26.8500,27.8800,14747642
2015-11-10,28.6200,28.7000,27.3000,28.2000,12391980
2015-11-09,29.8900,29.9500,28.4100,28.7600,10377312
2015-11-06,29.0000,29.9500,28.3700,29.7000,11373847
2015-11-05,29.5600,29.5700,27.8700,28.8000,9722371
2015-11-04,30.0000,30.2600,29.1700,29.2700,7948325
2015-11-03,28.7100,29.9000,28.6500,29.3700,10877838
2015-11-02,27.5000,28.8800,27.3100,28.6500,9802321
2015-10-30,27.5500,27.8050,27.4500,27.6200,7371953
2015-10-29,27.7400,27.8500,26.8200,27.6900,9818794
2015-10-28,27.5000,28.1100,27.2400,27.6800,9983630
2015-10-27,27.7100,28.0700,27.0900,27.6600,13398047
2015-10-26,27.3000,27.4900,26.7800,26.8400,7516303
2015-10-23,27.2300,27.5200,26.9300,27.1000,17484764
2015-10-22,26.3000,26.9300,25.8100,26.2000,15818856
2015-10-21,26.3200,26.8900,25.8250,26.0100,6744752
2015-10-20,27.0900,27.4000,26.4600,26.5300,7138735
2015-10-19,26.8900,27.4150,26.6300,27.0900,8152780
2015-10-16,26.3700,26.9500,26.1400,26.8900,9598541
2015-10-15,26.0600,26.7000,25.3900,26.2600,17715896
2015-10-14,27.0000,27.0000,25.1000,25.5200,21679466
2015-10-13,28.3200,28.3200,26.8300,26.9100,13935965
2015-10-12,28.6200,28.7500,27.9500,28.7200,8970675
2015-10-09,27.4700,28.7700,27.2900,28.4100,14903857
2015-10-08,27.4100,27.4900,26.2300,27.3200,16777688
2015-10-07,28.1400,28.6800,27.4200,27.5400,14352327
2015-10-06,28.7000,28.7000,27.4450,27.7100,11769205
2015-10-05,29.1500,29.1500,28.3500,28.7800,12349977
2015-10-02,26.9800,29.4000,26.5000,28.9100,19914325
2015-10-01,26.7500,27.0700,25.4400,26.5000,7539234
2015-09-30,25.4600,26.5000,25.2000,26.0600,13314401
2015-09-29,24.8000,24.9066,24.1100,24.4300,9020245
2015-09-28,25.6200,25.8900,24.6700,24.6900,12128659
2015-09-25,25.7700,26.8000,25.6000,25.9400,12661133
2015-09-24,24.3300,25.4300,24.1300,25.3400,7729905
2015-09-23,25.6300,25.8800,24.0600,24.3800,12222318
2015-09-22,25.5000,25.8499,25.1400,25.5400,6286366
2015-09-21,26.9400,26.9400,25.8500,25.9800,6746165
2015-09-18,27.0200,27.5400,26.2850,26.4300,12731158
2015-09-17,26.3400,27.9600,26.3200,27.6400,11760988
2015-09-16,25.4000,27.0500,25.1900,26.9900,16470408
2015-09-15,24.2900,25.1400,24.1001,24.9800,9320717
2015-09-14,23.5000,24.4700,23.2900,24.2100,8213821
2015-09-11,24.1000,24.2900,23.1500,24.2600,11195239
2015-09-10,24.5000,24.8200,24.0350,24.1900,12979329
2015-09-09,24.8000,25.8500,24.5000,24.6700,20122667
2015-09-08,24.0800,25.9800,23.2800,23.9500,31308776
2015-09-04,24.0000,24.4600,22.6400,22.8100,14608225
2015-09-03,24.9200,25.1400,24.3900,24.4100,9376949
2015-09-02,25.2400,25.6500,24.2200,24.8700,7220223
2015-09-01,25.0100,25.9200,24.6800,24.8800,10543734
2015-08-31,26.6100,26.7050,25.6650,25.8800,10443126
2015-08-28,26.2700,27.4800,26.2700,26.7700,10343477
2015-08-27,26.4800,27.1497,26.0299,27.1000,12850773
2015-08-26,25.5100,25.8000,24.5500,25.5900,12724353
2015-08-25,26.5000,27.9200,24.9950,25.0600,13116295
2015-08-24,22.7000,24.9400,21.5500,23.9300,21356305
2015-08-21,24.0300,26.0600,23.6600,25.0500,16420055
2015-08-20,26.1000,26.2800,24.8900,24.9000,12159183
2015-08-19,26.6800,27.0000,26.0000,26.7800,10029131
2015-08-18,26.5100,27.1400,26.2000,26.6200,7864269
2015-08-17,27.8000,27.9600,27.1300,27.3300,10546353
2015-08-14,27.0000,28.2250,27.0000,28.1200,10130024
2015-08-13,27.4700,27.5700,26.9000,27.0500,12373310
2015-08-12,26.9700,27.0200,25.6400,26.7700,32310382
2015-08-11,29.6700,29.6999,27.3700,28.0200,24493480
2015-08-10,30.8800,31.0000,29.6700,30.0600,21184250
2015-08-07,33.0300,34.2000,31.6500,32.0700,15015822
2015-08-06,34.3000,34.7700,32.6300,32.8100,9153877
2015-08-05,34.3200,34.9900,34.1600,34.3200,7396657
2015-08-04,33.1700,34.0200,33.0000,33.9900,8671470
2015-08-03,32.5300,33.9400,32.4500,32.9200,5380809
2015-07-31,33.7000,33.7000,31.7300,33.0300,6954335
2015-07-30,33.1000,33.8200,33.0000,33.3700,3850811
2015-07-29,32.6600,33.4700,32.5100,33.2900,5709123
2015-07-28,32.0000,32.5400,31.4200,32.4800,23242023
2015-07-27,32.8000,33.3200,32.0600,32.1500,9862869
2015-07-24,35.4000,35.5600,33.9700,34.6400,8765156
2015-07-23,35.4500,35.4500,33.9150,34.7000,7820109
2015-07-22,34.9900,35.4100,34.6500,35.3800,5068199
2015-07-21,35.3900,35.4000,35.0000,35.3100,4792782
2015-07-20,34.9400,35.4000,34.5200,35.0600,5817772
2015-07-17,34.5000,35.4000,34.4100,35.3200,10091933
2015-07-16,32.8000,34.3400,32.7310,33.8400,7117723
2015-07-15,33.4700,34.0000,32.1500,32.3900,7342059
2015-07-14,33.6600,34.3700,33.5000,33.9200,5304570
2015-07-13,32.9500,34.4500,32.9500,33.9000,8597055
2015-07-10,32.8800,33.2502,32.3500,32.4000,9779290
2015-07-09,32.8400,33.4200,31.8800,32.7800,14262104
2015-07-08,28.9100,30.8600,28.7100,30.3200,13745308
2015-07-07,30.2000,30.9650,28.1300,30.6100,25428910
2015-07-06,31.6000,32.4000,31.2000,31.8900,9617603
2015-07-02,33.4800,33.6400,32.8000,33.1300,4676417
2015-07-01,34.0800,34.2050,32.9300,33.2500,7856355
2015-06-30,33.0700,34.1000,33.0300,34.1000,9319653
2015-06-29,32.6200,33.1760,31.7200,32.5000,9346523
2015-06-26,33.1000,33.5500,32.0800,33.4550,10685975
2015-06-25,34.5700,34.7400,33.6400,34.0200,5549653
2015-06-24,34.9000,35.4800,34.6700,34.7800,4968340
2015-06-23,35.0000,35.0000,34.4100,34.5900,6173076
2015-06-22,34.9500,35.0400,34.4100,34.5900,6621598
2015-06-19,35.0000,35.2200,33.9200,34.6100,10461099
2015-06-18,35.5000,35.9000,35.0550,35.5700,8543627
2015-06-17,37.0300,37.1500,35.3800,35.4500,11766163
2015-06-16,36.4300,37.0000,36.2400,36.5000,5084071
2015-06-15,37.2700,37.8200,36.5300,36.6300,7435527
2015-06-12,36.9700,38.0000,36.8600,37.9500,10378619
2015-06-11,36.3700,37.1500,36.3400,36.8700,6144132
2015-06-10,36.0000,36.6000,35.7800,36.2600,8395006
2015-06-09,36.3000,36.6600,35.4500,36.4300,11905423
2015-06-08,36.0100,37.0600,35.7700,36.2300,19789103
2015-06-05,34.0800,36.5900,33.9500,35.6700,21242822
2015-06-04,34.6200,34.6200,33.8900,34.1200,6243232
2015-06-03,34.9600,35.1900,34.5700,34.7700,8312875
2015-06-02,34.2900,35.0500,34.0000,34.8000,7089302
2015-06-01,33.8800,34.9600,33.8000,34.7600,9605197
2015-05-29,33.9500,34.3700,33.4000,33.6800,8288302
2015-05-28,33.7300,34.2500,33.4900,34.0200,6050612
2015-05-27,34.1000,34.4700,33.3600,34.2500,4805925
2015-05-26,35.0700,35.3700,33.9600,34.2100,9760645
2015-05-22,34.0600,34.8900,33.8000,34.8900,10199658
2015-05-21,33.8200,34.0900,33.4700,33.8600,10710227
2015-05-20,34.0800,34.3500,33.4600,33.7300,5678708
2015-05-19,33.9500,34.2000,33.5700,34.1500,7250118
2015-05-18,33.4400,34.2500,33.3000,33.9100,7399883
2015-05-15,33.0000,33.8500,32.3000,33.4000,12119467
2015-05-14,32.9700,33.6400,32.7000,33.3800,7195724
2015-05-13,32.7600,32.8900,32.2800,32.7600,9156741
2015-05-12,34.1900,34.4300,32.6000,32.7700,11040880
2015-05-11,34.0000,34.5200,33.5100,34.4600,7216317
2015-05-08,32.9600,33.8500,32.1000,33.7400,11417158
2015-05-07,33.8000,33.8000,32.3600,33.0800,10169994
2015-05-06,33.5500,33.6500,32.3800,32.4800,7477251
2015-05-05,34.0000,34.1400,33.1500,33.7000,4681536
2015-05-04,34.0100,34.9100,33.7000,34.2900,7758893
2015-05-01,33.8800,34.0000,32.7100,33.5300,5292610
2015-04-30,34.2000,34.5100,33.1200,33.5600,5762777
2015-04-29,34.7800,34.9700,34.0000,34.2000,8296042
2015-04-28,35.4500,35.5000,34.4300,35.0200,8637288
2015-04-27,34.9300,36.7500,34.9300,35.2800,15443478
2015-04-24,33.8000,35.2900,33.8000,34.7200,11236246
2015-04-23,33.9300,34.0400,33.5000,33.6600,8136696
2015-04-22,33.8900,34.0500,33.4799,33.7600,7423266
2015-04-21,33.0700,33.8500,32.8700,33.7200,5947083
2015-04-20,33.3000,33.3900,32.6700,33.0000,4530980
2015-04-17,33.1300,33.7200,32.6500,33.1900,7269091
2015-04-16,33.5500,34.0750,33.0400,33.9500,6753241
2015-04-15,33.8300,34.2300,33.4000,33.5500,7788280
2015-04-14,33.7700,33.8200,32.7000,33.2200,10773077
2015-04-13,33.3900,34.7700,33.0500,34.1100,17579244
2015-04-10,32.7000,33.5600,32.5400,33.2300,7258354
2015-04-09,33.0000,33.7100,32.3650,32.6900,8605376
2015-04-08,31.4700,32.9500,31.4500,32.6600,12985409
2015-04-07,30.1300,31.8400,30.1225,31.0000,11665471
2015-04-06,29.4400,30.5200,29.4000,30.0300,10998661
2015-04-02,29.4000,30.0701,29.3000,29.4900,6989867
2015-04-01,29.4500,29.8100,29.0100,29.2200,5100322
2015-03-31,29.5800,29.7400,29.3500,29.3800,4493133
2015-03-30,30.2200,30.2700,29.2400,29.7500,4873179
2015-03-27,29.8900,30.2000,29.7200,30.0800,5220996
2015-03-26,29.6300,30.2800,29.3600,29.7800,5719312
2015-03-25,29.8400,30.6000,29.6600,29.7100,12682394
2015-03-24,28.7900,29.9900,28.7100,29.7400,18103158
2015-03-23,28.9600,29.2000,28.7400,29.0000,8168417
2015-03-20,29.1500,29.1600,28.8400,29.1100,8733202
2015-03-19,29.0000,29.1300,28.6400,28.9400,6348824
2015-03-18,28.0200,29.0600,28.0200,29.0100,9694518
2015-03-17,28.0000,28.7000,27.6900,28.5300,14498572
2015-03-16,27.8700,28.1900,27.4100,27.7200,10363330
2015-03-13,28.2000,28.3000,27.8110,28.0800,8797793
2015-03-12,27.7800,28.2600,27.5300,28.2000,6445055
2015-03-11,28.1400,28.1400,27.1100,27.5100,6990061
2015-03-10,28.5900,28.7595,27.7500,28.2500,8779659
2015-03-09,28.5200,29.1600,28.5200,28.9200,6116599
2015-03-06,28.5000,29.2800,28.5000,28.6200,11477142
2015-03-05,28.3300,29.0400,27.0500,29.0000,10052652
2015-03-04,28.0000,28.2000,27.3000,27.7200,7161998
2015-03-03,29.3000,29.9000,27.3400,27.5300,24166738
2015-03-02,27.8400,28.2200,27.6700,28.1500,10054908
2015-02-27,28.0000,28.1700,27.3400,27.6700,8232410
2015-02-26,27.5700,28.3500,27.2000,28.0000,5438116
2015-02-25,27.3400,27.6600,26.8700,27.3000,6402621
2015-02-24,27.9000,28.1400,27.4800,27.4900,3618029
2015-02-23,28.2000,28.4900,28.0000,28.1100,3698761
2015-02-20,27.9200,28.2700,27.4500,28.2100,4147415
2015-02-19,28.2200,28.2200,27.4290,27.8300,4433826
2015-02-18,27.4000,28.4900,27.1900,28.0000,12621949
2015-02-17,26.4200,27.3100,25.9800,27.3000,5805007
2015-02-13,26.7000,26.8600,26.1300,26.2300,3844380
2015-02-12,26.6700,27.0000,26.3600,26.5000,7895251
2015-02-11,26.2700,26.8100,26.1881,26.4500,6130150
2015-02-10,26.6500,26.9300,26.1980,26.3200,4944567
2015-02-09,26.8100,27.3500,26.4800,26.6100,8417708
2015-02-06,26.6600,26.9200,26.0500,26.4600,4904735
2015-02-05,26.6900,26.9900,26.4300,26.8100,4467925
2015-02-04,26.2300,26.9100,26.1000,26.7100,7972415
2015-02-03,25.6300,26.4400,25.4600,26.3200,10489561
2015-02-02,24.9900,25.4800,24.3500,25.4800,5630945
2015-01-30,24.6000,25.0000,24.5200,24.8400,5581429
2015-01-29,25.3900,25.9800,24.5200,24.6900,12246134
2015-01-28,25.4600,26.3300,25.3800,25.9900,14564807
2015-01-27,24.6800,25.6400,24.3300,25.3400,11316422
2015-01-26,24.4700,25.0400,24.4700,25.0100,7530139
2015-01-23,24.2300,25.0700,23.8900,24.6500,7165237
2015-01-22,24.4100,24.4900,24.0000,24.3400,4051177
2015-01-21,24.4200,24.8800,24.2300,24.4800,7539974
2015-01-20,24.0400,24.7800,23.8100,24.5600,6678810
2015-01-16,23.1900,24.1700,23.0800,24.0700,6879112
2015-01-15,24.0200,24.0300,22.9600,23.3200,5077573
2015-01-14,23.6000,24.3000,23.5000,23.8200,3829488
2015-01-13,24.2700,24.3300,23.5900,23.8400,4772058
2015-01-12,24.8800,24.8800,23.8400,24.1100,4228577
2015-01-09,25.0100,25.5550,24.7500,24.9400,8116696
2015-01-08,24.8200,25.2900,24.5100,25.0800,12821700
2015-01-07,24.8600,25.0900,24.5700,24.8100,9084399
2015-01-06,24.6000,25.0100,24.1500,24.5300,9797772
2015-01-05,24.0200,24.9500,24.0000,24.5800,5033850
2015-01-02,23.3700,24.1100,23.1500,24.0200,3358492
2014-12-31,23.3000,23.4800,22.8500,23.1400,5271520
2014-12-30,23.5100,24.0000,23.1300,23.2500,7023727
2014-12-29,23.9300,24.1800,23.5300,24.0800,4095399
2014-12-26,24.5000,24.6300,24.1800,24.5600,1405623
2014-12-24,24.7100,24.9500,24.4900,24.6100,1220025
2014-12-23,24.8200,24.9500,24.3900,24.7300,4739064
2014-12-22,24.2800,25.0200,23.9450,24.9000,8317958
2014-12-19,24.2300,24.7200,23.9800,24.5700,9375350
2014-12-18,23.8900,24.6300,23.8000,24.2700,7931454
2014-12-17,23.2200,23.5310,23.0200,23.5000,8794640
2014-12-16,23.0000,23.2000,22.7100,23.1300,7588732
2014-12-15,24.2000,24.3800,22.9200,23.2600,7204065
2014-12-12,24.3900,24.6000,23.9500,23.9700,4668825
2014-12-11,24.8400,25.5000,24.6300,24.7900,7112147
2014-12-10,24.9400,25.1600,24.1900,24.7500,11808942
2014-12-09,22.6100,25.9500,22.0000,25.4200,20204063
2014-12-08,22.8800,23.7000,22.8600,23.2400,17062344
2014-12-05,24.3600,24.5000,23.4000,23.8500,8307130
2014-12-04,24.3100,24.7400,24.2000,24.4700,5112294
2014-12-03,24.4000,25.2500,24.1700,24.6000,18634788
2014-12-02,22.1500,24.7400,22.1000,23.9100,14864964
2014-12-01,23.5300,23.6400,21.7800,21.9700,6087821
2014-11-28,23.8500,24.1200,23.2700,23.5200,1939708
2014-11-26,23.7400,24.1000,23.5300,23.7800,2231308
2014-11-25,24.0800,24.0878,23.4800,23.7900,3228346
2014-11-24,23.7300,24.3000,23.5500,24.0400,4637462
2014-11-21,24.4250,25.2600,23.8000,24.0800,4114639
2014-11-20,24.3700,24.3900,23.5800,23.7500,7410657
2014-11-19,25.0500,25.9000,24.4900,24.5000,3676726
2014-11-18,25.0000,25.4600,24.8500,25.4100,4693759
2014-11-17,27.7800,28.0000,24.8000,25.0000,11837626
2014-11-14,27.3600,27.4500,26.3000,27.0100,6201810
2014-11-13,27.7500,28.4000,26.9100,27.3200,5952836
2014-11-12,26.0000,28.2550,25.8530,27.6500,9204652
2014-11-11,26.3500,26.4500,25.4000,25.8100,3549304
2014-11-10,25.2500,27.0700,25.2164,26.2500,7731060
2014-11-07,24.4800,24.9600,24.4000,24.7400,2588636
2014-11-06,23.9500,24.6000,23.6100,24.5300,3420228
2014-11-05,25.3600,25.3600,23.8800,23.9100,4620662
2014-11-04,24.7600,25.0600,24.3000,24.9100,4505110
2014-11-03,23.6000,25.4000,23.5700,24.7700,5740714
2014-10-31,24.2900,24.5000,23.7320,23.8900,5523626
2014-10-30,24.2000,24.3500,23.5100,23.8800,4398510
2014-10-29,24.7000,24.8800,24.0900,24.1000,2875561
2014-10-28,24.3100,24.8000,24.1600,24.7800,2726063
2014-10-27,23.7500,24.5500,23.7000,24.1300,3532956
2014-10-24,24.6500,24.7400,23.3000,24.0200,8052091
2014-10-23,25.7300,25.9800,24.6000,24.6600,3988081
2014-10-22,25.5000,26.0000,25.0800,25.4400,2541437
2014-10-21,25.4600,25.7999,24.9000,25.4000,3216633
2014-10-20,25.4000,25.7700,24.6100,25.4100,3293239
2014-10-17,25.6400,26.2700,24.3800,25.0700,4941445
2014-10-16,23.6500,25.0500,23.3300,25.0200,3853070
2014-10-15,23.2500,24.3300,22.8900,24.3000,4349495
2014-10-14,24.1700,24.4000,22.6000,23.9000,7695425
2014-10-13,25.0000,25.2000,23.8300,24.0600,7505681
2014-10-10,25.2100,25.4100,24.1000,25.0100,5530703
2014-10-09,26.3000,26.4000,25.5600,25.6600,4066746
2014-10-08,25.3400,26.4300,25.0100,26.4000,4149259
2014-10-07,25.8000,26.0400,25.2800,25.3500,4094350
2014-10-06,26.3400,26.7940,25.8500,25.9600,2441918
2014-10-03,25.9800,26.3800,25.8000,25.9800,2125186
2014-10-02,25.0200,26.1800,24.9900,25.6900,4961265
2014-10-01,25.5200,26.1600,24.9800,25.0200,4900208
2014-09-30,26.3300,26.3500,25.3000,25.8200,5397283
2014-09-29,26.4800,26.7000,26.0000,26.3300,3475760
2014-09-26,26.6000,27.0000,26.5300,26.9300,2482668
2014-09-25,27.4600,27.6500,26.0950,26.5700,5451344
2014-09-24,27.0100,27.4324,26.8000,27.1800,2860614
2014-09-23,27.0200,27.1600,25.8400,26.5700,5964700
2014-09-22,27.6800,28.3300,26.6800,26.9700,8113800
2014-09-19,30.0000,30.2000,27.6400,28.3500,12505800
2014-09-18,27.8700,29.7700,27.8700,29.5500,7522900
2014-09-17,27.9800,28.2400,27.7300,28.1000,3438400
2014-09-16,28.5500,28.7600,27.0500,27.8000,7236700
2014-09-15,29.5900,29.6000,28.3600,28.8700,5209900
2014-09-12,29.3200,29.8900,29.0100,29.2500,4192600
2014-09-11,28.6700,29.1700,28.1800,29.1200,5500600
2014-09-10,29.0400,29.2300,28.0200,28.3500,7511800
2014-09-09,29.2200,29.5700,28.9900,29.0600,3332200
2014-09-08,29.0000,29.6000,28.9300,29.1300,3337100
2014-09-05,30.3400,30.4200,28.9000,29.0300,7120700
2014-09-04,30.8100,31.4700,29.6790,30.2600,3774500
2014-09-03,31.5000,31.5500,30.5700,30.8100,2753800
2014-09-02,32.0000,32.3500,30.3200,31.0700,7451100
2014-08-29,31.5400,32.0700,31.3000,31.9200,3442200
2014-08-28,32.3000,32.3100,31.3800,31.4400,6761400
2014-08-27,31.8500,33.1000,31.8300,32.6400,7758900
2014-08-26,31.1900,32.0800,31.1200,32.0100,5343000
2014-08-25,31.3100,31.4500,30.7400,31.3400,3470900
2014-08-22,30.8100,31.2000,30.8100,30.9600,2418200
2014-08-21,31.0200,31.4500,30.5300,30.8200,4314800
2014-08-20,30.0800,31.1500,30.0700,30.9300,4141000
2014-08-19,30.4200,31.8100,29.8900,30.2100,10274700
2014-08-18,30.0750,30.6100,29.5200,30.0400,6617900
2014-08-15,28.6900,30.7000,28.1000,29.5800,10580600
2014-08-14,30.4000,30.7000,29.7100,30.0100,5530100
2014-08-13,28.9500,30.5600,28.9500,30.4700,8351400
2014-08-12,28.3000,28.9800,28.3000,28.7700,2742600
2014-08-11,28.8000,29.0000,28.0900,28.2100,4202900
2014-08-08,27.8400,28.3800,27.6000,28.3600,3708800
2014-08-07,27.7500,28.0700,27.3800,27.4800,3863500
2014-08-06,27.5600,27.7300,27.3000,27.5100,2412100
2014-08-05,27.7000,28.1870,27.5000,27.7300,2316300
2014-08-04,28.2000,28.3000,27.5600,27.7900,5315300
2014-08-01,28.5500,28.7899,27.3000,27.9400,4572400
2014-07-31,28.5000,28.9000,28.1000,28.5800,2979500
2014-07-30,30.0600,30.1000,29.0200,29.0700,3085100
2014-07-29,29.8300,30.2200,29.5000,29.6200,3316500
2014-07-28,29.2600,30.3500,29.0700,29.4900,5040700
2014-07-25,29.1000,29.4800,28.5000,29.0300,3872000
2014-07-24,28.0000,29.2300,27.9000,29.0500,2733300
2014-07-23,28.8900,29.0600,27.8100,27.8800,2476900
2014-07-22,28.8400,29.3799,28.5000,28.7300,2304200
2014-07-21,27.6700,28.6600,27.6700,28.5400,2086000
2014-07-18,27.7400,28.3300,27.5000,27.8200,1993900
2014-07-17,28.8200,29.3900,27.5000,27.5599,3733900
2014-07-16,28.5000,29.3000,28.3000,29.1100,3785400
2014-07-15,28.2000,28.4000,27.7501,28.2100,3427000
2014-07-14,27.6300,28.2300,27.5000,28.0400,2850400
2014-07-11,27.5100,27.9000,26.8500,27.0400,3298100
2014-07-10,25.8300,27.7956,25.2800,27.7000,4717600
2014-07-09,27.0900,27.1500,26.0500,26.3600,4549900
2014-07-08,28.0800,28.0800,25.8100,26.4700,6439100
2014-07-07,28.0100,28.7300,27.4500,27.6300,3826200
2014-07-03,29.2800,29.3500,27.5300,27.7900,4398200
2014-07-02,30.4000,30.4100,28.5000,28.9600,6108200
2014-07-01,29.0000,31.2200,28.8601,29.6900,12595400
2014-06-30,28.1700,28.5300,27.6800,28.5100,3986200
2014-06-27,28.3600,28.5000,27.7100,28.0100,3066300
2014-06-26,27.1400,28.3500,26.8100,28.3000,3622300
2014-06-25,27.2500,27.3500,26.4500,27.0700,1923600
2014-06-24,26.5100,27.3400,26.5100,27.0400,5737700
2014-06-23,25.1100,26.4600,25.1000,26.3700,5590900
2014-06-20,25.7500,25.9700,24.9200,25.4500,7613400
2014-06-19,27.0000,27.0000,25.8000,25.8300,3716900
2014-06-18,27.4400,27.8900,26.0300,26.5200,5278300
2014-06-17,27.2200,27.4500,26.6300,27.0190,3652000
2014-06-16,27.2200,27.4400,26.3800,26.8900,6160000
2014-06-13,27.6800,28.2000,27.1300,27.7900,5161800
2014-06-12,29.5900,29.6000,26.3400,27.1700,9159600
2014-06-11,28.1000,29.4900,28.1000,29.0000,6555600
2014-06-10,28.8200,28.8600,27.7000,28.3500,5617200
2014-06-09,27.0000,29.0900,26.5800,28.4300,10638600
2014-06-06,26.5000,27.0400,26.3100,26.5800,4317500
2014-06-05,24.8000,26.7500,24.6000,25.7800,7933500
2014-06-04,24.9900,25.2800,24.4400,24.5400,2990800
2014-06-03,24.1700,25.2500,24.0300,25.1000,3388500
2014-06-02,25.4000,25.4400,24.0700,24.6000,3808800
2014-05-30,25.2700,25.5600,23.7900,25.0000,6302800
2014-05-29,25.0400,25.6900,24.2400,25.4000,8525900
2014-05-28,22.9800,25.3000,22.8000,24.7800,16783000
2014-05-27,20.2800,22.9800,20.2500,22.9700,15338100
2014-05-23,21.2500,21.2500,19.9400,20.1000,20890300
2014-05-22,21.7500,22.8000,20.2400,20.9000,84449700
