timestamp,open,high,low,close,volume
2018-02-09,142.1400,146.7650,137.6000,145.1600,2736725
2018-02-08,153.0000,153.5000,140.1000,140.1000,3730719
2018-02-07,148.6200,154.0300,148.0700,153.1700,2388408
2018-02-06,144.9100,149.3790,143.4900,149.0200,2963097
2018-02-05,147.2900,157.0000,145.4300,147.3900,3779298
2018-02-02,150.5100,151.9400,147.3300,149.7600,2826675
2018-02-01,151.7600,156.5450,151.3300,152.8100,4228869
2018-01-31,148.6800,150.1000,147.7600,148.8700,2807555
2018-01-30,146.0700,147.4400,145.6300,146.5900,2369501
2018-01-29,149.5900,150.8500,146.8300,147.0900,2413893
2018-01-26,147.1600,149.8200,146.3800,149.7400,1472411
2018-01-25,146.8900,146.9000,145.4200,145.5400,1220738
2018-01-24,144.4200,146.6700,144.3700,145.4400,1432494
2018-01-23,144.5900,144.9900,143.5600,144.4300,1367782
2018-01-22,142.3300,144.0800,141.7550,143.9000,1377428
2018-01-19,141.2300,142.5200,141.0200,142.2700,1594352
2018-01-18,140.7500,141.4800,140.0000,141.1300,1266903
2018-01-17,140.8300,140.9300,139.0000,140.7900,1755023
2018-01-16,141.3200,141.6600,139.2100,139.7900,3143115
2018-01-12,137.6400,139.0600,137.0800,138.1900,1193888
2018-01-11,136.5900,137.7800,136.2400,137.5800,1515722
2018-01-10,134.9600,136.4100,134.3625,136.2300,1793797
2018-01-09,135.6500,136.4000,134.6200,135.4500,1206837
2018-01-08,135.0500,136.0900,134.8700,135.3000,1337234
2018-01-05,134.9500,135.1300,133.9000,135.0100,1177274
2018-01-04,133.8800,135.0900,133.7800,133.8500,1361877
2018-01-03,132.0000,133.2500,131.7400,132.9100,1568172
2018-01-02,131.0000,132.3500,130.1400,131.7300,1282712
2017-12-29,130.5400,131.2600,130.1700,130.3900,664422
2017-12-28,130.8000,130.9000,129.6400,130.6900,973350
2017-12-27,129.5400,130.8800,129.0500,130.2600,795216
2017-12-26,128.9600,129.9100,128.2250,129.3200,745677
2017-12-22,128.4200,129.3300,127.8400,129.1900,1070634
2017-12-21,129.1600,129.7350,128.5100,128.9700,1638194
2017-12-20,130.2400,130.5100,128.1100,129.0000,1513197
2017-12-19,130.4000,130.6600,128.7100,129.9600,2297485
2017-12-18,130.5900,131.1100,130.1700,130.6900,2250667
2017-12-15,126.8050,129.5200,125.8700,129.5000,1882781
2017-12-14,123.9850,126.2100,123.6201,126.1700,1887382
2017-12-13,121.6600,123.5100,121.6600,123.3700,1421039
2017-12-12,122.6400,123.1475,120.1600,121.0100,2216744
2017-12-11,122.4100,123.6600,122.2500,123.0900,2546823
2017-12-08,122.1000,123.8700,121.5300,121.8100,1012394
2017-12-07,117.8400,121.3900,117.3600,121.0000,1816981
2017-12-06,115.4700,118.1600,114.8101,117.7600,1644530
2017-12-05,113.1400,119.3800,112.8401,116.2000,2203309
2017-12-04,123.6000,123.6650,113.3301,113.6200,3975155
2017-12-01,122.5500,123.8100,121.0400,122.6600,1239777
2017-11-30,120.9800,123.7100,120.1500,123.0000,1607489
2017-11-29,125.8600,126.7300,120.3600,120.5900,2708807
2017-11-28,127.0300,127.0300,125.3000,126.6300,1103420
2017-11-27,128.5000,128.7600,126.5400,126.9900,828523
2017-11-24,128.0800,128.8000,128.0000,128.3000,506163
2017-11-22,127.9200,128.8700,127.2900,127.4500,530199
2017-11-21,128.1800,130.0500,127.8300,128.0700,1756289
2017-11-20,127.5300,129.4800,127.4800,127.6700,999146
2017-11-17,125.8400,127.6300,125.4100,127.5400,1124372
2017-11-16,123.5700,126.3682,123.5100,125.7200,1150506
2017-11-15,123.4600,124.9000,122.0100,123.3200,622242
2017-11-14,124.8600,125.2000,123.7300,124.4800,954194
2017-11-13,124.6000,125.2300,123.4400,125.0300,893788
2017-11-10,125.1500,126.3000,125.0500,125.9800,958477
2017-11-09,127.4000,127.4000,124.1000,125.5500,909172
2017-11-08,124.4200,127.9500,124.3000,127.6200,1639849
2017-11-07,125.0000,125.8400,123.7400,125.5300,1031121
2017-11-06,125.5000,125.9900,124.4300,124.7300,737463
2017-11-03,124.2500,125.4500,123.1500,124.9100,1150983
2017-11-02,123.9200,125.0000,122.6600,124.3400,864887
2017-11-01,127.2000,127.5000,123.2000,124.5100,1137466
2017-10-31,125.1100,126.8000,124.7700,126.3700,1455067
2017-10-30,125.2800,125.8500,123.9400,125.0500,1131986
2017-10-27,126.0000,126.7800,122.9100,125.7300,2629348
2017-10-26,119.9800,127.3400,118.5000,126.1400,4256024
2017-10-25,126.7200,127.7500,124.2800,124.6200,2506021
2017-10-24,124.4900,126.2800,123.2700,125.8900,2051368
2017-10-23,128.9900,129.5600,123.4000,123.9900,1846816
2017-10-20,121.4000,124.8700,120.8500,124.8200,1789587
2017-10-19,120.4800,120.8700,118.9600,120.8100,1062946
2017-10-18,123.2100,123.5800,120.6700,120.7700,1133956
2017-10-17,121.5400,122.8000,121.0000,122.7500,1084230
2017-10-16,122.2500,122.6700,121.3600,121.4000,831104
2017-10-13,122.8800,123.1300,121.7100,122.2900,807687
2017-10-12,120.4200,122.4200,120.4200,121.9700,1441039
2017-10-11,120.8600,121.0700,119.2700,120.6800,812180
2017-10-10,121.8800,122.0300,120.1400,120.9600,788117
2017-10-09,122.0000,122.4500,120.8600,121.3300,1131721
2017-10-06,118.7300,121.7600,118.5500,121.7500,1285579
2017-10-05,118.3100,119.4700,117.1000,119.3800,942147
2017-10-04,118.1500,118.2600,116.6300,118.0600,660171
2017-10-03,116.8000,118.2900,116.4500,117.8300,726796
2017-10-02,117.6500,118.4600,116.2200,116.8000,1510759
2017-09-29,116.8100,117.7900,116.2000,117.5300,1145653
2017-09-28,115.1900,116.7200,114.7100,116.6500,1045157
2017-09-27,112.4900,116.5800,112.4300,115.5000,1766360
2017-09-26,112.8800,112.9500,110.1700,111.7900,1525794
2017-09-25,115.8000,115.8500,111.4100,111.8400,1333119
2017-09-22,114.7600,116.1400,114.6800,115.8100,630254
2017-09-21,115.2900,115.6400,113.9300,115.0200,855779
2017-09-20,116.4200,116.7500,114.2000,115.4000,1075743
2017-09-19,116.8500,116.9700,115.9400,116.6800,1234474
2017-09-18,116.6300,117.6600,115.9600,116.5100,1127750
2017-09-15,116.4900,116.8400,114.7600,116.1100,1000681
2017-09-14,115.5000,116.7200,114.5000,115.9600,1591995
2017-09-13,116.1700,116.8900,115.6900,116.0500,1018603
2017-09-12,117.9400,118.1700,115.1400,116.2600,1248509
2017-09-11,117.7100,118.6300,117.4000,117.6700,1690338
2017-09-08,117.6200,118.6300,116.3800,116.4000,1246730
2017-09-07,115.3300,118.6400,115.3300,117.7800,1549650
2017-09-06,116.3900,116.7000,114.0800,114.6800,1111659
2017-09-05,115.5800,116.4000,114.4100,116.1500,1021062
2017-09-01,116.3000,116.5100,114.5300,115.4900,958415
2017-08-31,114.5500,116.5400,114.5100,116.1900,1465634
2017-08-30,111.6100,115.8100,111.6100,114.2700,1276000
2017-08-29,110.6200,112.2000,110.1400,111.7500,1003136
2017-08-28,111.0000,112.1100,109.7000,111.9100,1193215
2017-08-25,110.9500,112.6800,110.4500,110.5900,1191036
2017-08-24,110.0700,110.9300,109.6100,110.6700,710079
2017-08-23,109.3000,110.9800,108.8400,109.8400,974233
2017-08-22,109.0000,110.7700,108.8600,110.4100,1249882
2017-08-21,107.0200,108.9700,107.0200,108.8100,1114202
2017-08-18,106.8300,108.6600,106.2800,107.2300,979784
2017-08-17,109.0400,109.6900,106.7400,106.8600,1231216
2017-08-16,107.8900,109.8300,107.5700,109.5000,898497
2017-08-15,107.7500,108.3500,106.7100,107.3100,908768
2017-08-14,106.8500,108.5700,106.3200,107.9000,966174
2017-08-11,104.9300,106.8300,104.2400,106.0500,954294
2017-08-10,106.7700,107.0000,103.0000,104.4200,1668054
2017-08-09,106.8700,107.8600,106.6300,107.3300,893206
2017-08-08,108.2100,108.4600,107.1100,107.6800,801381
2017-08-07,109.6500,109.7500,108.4700,108.7600,1009568
2017-08-04,107.3900,109.8200,107.1100,109.7100,1780576
2017-08-03,107.2700,107.7900,105.9300,107.1200,1566206
2017-08-02,110.8200,110.9200,105.8900,107.1700,1944985
2017-08-01,110.8800,111.7600,110.1000,110.7500,1780576
2017-07-31,111.8700,112.3600,108.9500,110.4500,2055672
2017-07-28,109.7500,111.6700,108.9000,111.6500,2083417
2017-07-27,115.1300,115.8500,108.2100,110.5400,5051367
2017-07-26,107.9600,110.1100,107.8600,109.7200,2874504
2017-07-25,108.1100,108.1800,106.8000,107.7800,1903992
2017-07-24,108.3800,108.5000,107.3100,107.9500,2238991
2017-07-21,109.8800,109.9300,107.5800,108.1900,2117266
2017-07-20,110.1500,110.6500,109.0300,109.8400,1629214
2017-07-19,111.0000,111.6800,110.1000,110.1200,1501603
2017-07-18,109.8300,111.0500,109.2300,110.7800,1673317
2017-07-17,110.7400,111.1900,109.3200,110.0000,1929318
2017-07-14,108.8000,110.7100,108.0500,110.3800,3089256
2017-07-13,112.6800,112.9700,111.1200,111.2300,1545584
2017-07-12,110.0000,113.0100,109.5800,112.2600,1756485
2017-07-11,107.7300,110.0000,107.1800,109.2000,1633842
2017-07-10,106.6600,108.4700,106.2900,108.1900,1381465
2017-07-07,104.5300,106.8500,104.5300,106.2900,1585820
2017-07-06,104.0500,105.7000,103.8000,104.5400,1664738
2017-07-05,104.3400,105.6400,104.1300,105.1100,1758308
2017-07-03,106.5500,106.5500,103.2200,103.5800,1209875
2017-06-30,106.1400,106.6800,104.8200,106.0000,1538881
2017-06-29,108.4700,108.8100,104.5100,105.8200,2365417
2017-06-28,107.4700,109.1300,106.7100,108.8100,2611253
2017-06-27,107.9000,109.0000,106.4100,106.7700,3344039
2017-06-26,107.9000,108.7900,106.7800,108.3500,2227649
2017-06-23,106.9900,108.5500,106.4700,107.7900,2284103
2017-06-22,105.9400,108.0800,104.6600,106.9300,2327656
2017-06-21,103.8200,105.8200,103.3600,105.6200,1734629
2017-06-20,103.8300,105.3000,102.7800,103.0100,1921990
2017-06-19,102.2400,104.1800,101.9600,103.6000,1551989
2017-06-16,101.5900,102.2100,100.6900,101.2000,1546991
2017-06-15,99.9500,101.8200,99.0100,101.2600,2348695
2017-06-14,102.7600,104.1400,100.7500,102.1600,2132008
2017-06-13,103.5500,103.8900,101.3000,102.2200,2055694
2017-06-12,102.2000,103.6900,99.5000,102.3200,4429021
2017-06-09,109.7500,110.6600,101.8200,103.7400,3725370
2017-06-08,108.1700,109.7800,107.7700,109.6800,1841707
2017-06-07,108.0000,108.4900,107.0700,108.1900,1930807
2017-06-06,107.0800,108.6300,106.8900,107.8700,1476026
2017-06-05,107.3900,108.4300,107.1500,107.4300,1591421
2017-06-02,106.5600,107.5500,105.7300,107.3000,1444193
2017-06-01,105.1800,106.5500,104.3200,106.5100,2621192
2017-05-31,105.5100,105.7900,103.8100,104.6500,2209878
2017-05-30,105.4200,106.8000,104.8200,105.3600,1610653
2017-05-26,104.0000,106.7300,103.5300,106.0300,2985310
2017-05-25,103.7000,105.2900,103.5500,104.5200,1760624
2017-05-24,102.5300,103.9200,101.8300,103.0000,5772489
2017-05-23,101.3700,101.7600,100.0600,101.7000,2325651
2017-05-22,99.8100,102.2300,99.7600,101.7000,2071352
2017-05-19,99.5000,100.7200,99.2300,99.3000,2131754
2017-05-18,97.8800,99.1000,97.3500,98.9700,2842059
2017-05-17,98.7000,99.4000,98.0600,98.5500,3629785
2017-05-16,98.7600,100.1900,97.8100,100.1800,1841262
2017-05-15,97.2400,98.6100,96.9100,97.9500,921250
2017-05-12,96.8100,97.3500,95.9900,96.9000,966061
2017-05-11,96.5000,96.9200,95.5000,96.7600,1100191
2017-05-10,97.2200,97.5700,96.3600,96.4700,1210022
2017-05-09,98.1600,98.4700,96.9600,97.3300,1585896
2017-05-08,97.6800,99.0900,97.1500,97.9000,2173116
2017-05-05,96.1200,98.1900,96.1200,98.0700,1817883
2017-05-04,94.5900,96.3000,94.1500,96.0200,1515817
2017-05-03,94.6900,95.1500,93.7300,94.1100,980785
2017-05-02,94.8200,95.1000,93.7700,94.9600,1167849
2017-05-01,94.6400,95.4400,93.7100,94.9300,2741325
2017-04-28,94.3000,95.3200,92.9400,94.4800,2341129
2017-04-27,96.2800,96.9200,93.3000,94.3300,4686540
2017-04-26,90.4300,91.2100,89.0300,90.9200,2727702
2017-04-25,89.9200,90.8000,89.5600,90.2400,1359789
2017-04-24,89.6700,89.6700,88.3500,89.4200,1312012
2017-04-21,88.8000,89.4300,88.0800,88.3200,1076475
2017-04-20,88.4900,88.4900,87.4600,88.2600,1352012
2017-04-19,87.9600,88.4000,87.6500,88.1500,1194688
2017-04-18,86.0000,87.6700,85.9300,87.6000,1381737
2017-04-17,85.0400,86.4200,84.9200,86.4100,1118215
2017-04-13,84.3700,85.2000,84.3400,84.6400,1132148
2017-04-12,85.0100,85.7100,84.0300,84.4900,874250
2017-04-11,85.3500,85.9900,84.8200,85.3900,939028
2017-04-10,85.9500,86.3900,85.4200,85.5300,671436
2017-04-07,85.9000,86.5700,85.5200,86.0200,767039
2017-04-06,85.7500,86.4200,85.1000,86.1900,673557
2017-04-05,85.9900,87.6800,85.4100,85.6600,1416340
2017-04-04,86.0600,87.3800,85.2000,85.2900,1177198
2017-04-03,87.6000,88.3600,85.4100,86.2200,1250023
2017-03-31,86.8200,88.0000,86.3800,87.4700,910624
2017-03-30,87.4400,87.7000,86.8100,86.9400,771791
2017-03-29,86.2800,87.8800,86.1000,87.6100,1438420
2017-03-28,85.4000,86.3700,84.8300,86.0000,940816
2017-03-27,84.2400,85.5900,83.4200,84.8700,906894
2017-03-24,85.0400,85.6900,84.3100,84.8100,818649
2017-03-23,85.1200,85.8100,84.1300,84.4000,860136
2017-03-22,83.8500,85.1900,83.4600,85.0400,1423350
2017-03-21,88.8000,89.0000,83.7900,83.9300,2410051
2017-03-20,88.8500,88.9500,87.7500,88.1100,621321
2017-03-17,89.0500,89.4700,88.5100,88.7100,1010277
2017-03-16,88.7900,89.3700,88.4900,88.8000,953622
2017-03-15,87.8800,88.7700,87.2900,88.4100,1020658
2017-03-14,88.4900,88.6100,86.6800,87.4700,1142589
2017-03-13,88.0900,88.8600,87.6600,88.6400,1292811
2017-03-10,88.2700,88.5900,86.9000,88.0300,857091
2017-03-09,87.3100,88.1300,86.3900,87.8300,893161
2017-03-08,87.3200,88.2700,86.9800,87.2900,794034
2017-03-07,86.3300,87.6900,86.1000,87.0600,1478591
2017-03-06,85.9300,86.7700,85.5600,86.2600,1419210
2017-03-03,86.0300,87.1900,86.0100,86.4700,1189485
2017-03-02,89.0900,89.1400,86.2400,86.3400,1411414
2017-03-01,88.0200,88.9900,86.7400,88.8900,3165753
2017-02-28,87.2200,88.2800,86.8200,86.9200,2168345
2017-02-27,90.6100,90.6100,86.9300,87.7500,5592593
2017-02-24,91.6000,92.3900,90.6600,91.8200,1038173
2017-02-23,93.3600,93.4000,91.4100,92.6500,832162
2017-02-22,92.7100,93.6700,92.1700,92.9800,547666
2017-02-21,93.0200,93.5100,92.1700,93.1800,617651
2017-02-17,91.8700,92.9700,91.2300,92.7400,1117760
2017-02-16,93.9400,94.1900,91.5400,91.8500,1411179
2017-02-15,92.4400,94.7200,92.3300,93.9700,1584467
2017-02-14,91.6800,93.3000,91.3500,92.8900,1422454
2017-02-13,92.1800,92.5000,91.5000,91.7400,960525
2017-02-10,92.5800,92.8200,91.7000,92.4600,1647909
2017-02-09,90.1400,92.3100,90.0100,92.3000,1819978
2017-02-08,89.7600,90.4400,89.3900,90.0900,1887246
2017-02-07,90.8100,91.1600,90.3500,90.6600,1644548
2017-02-06,89.1900,90.7100,88.6300,90.5000,1441749
2017-02-03,89.1800,89.9900,89.1200,89.4700,2454808
2017-02-02,89.2500,89.8400,88.2300,88.8600,2125715
2017-02-01,91.1700,91.1700,89.3900,89.7000,2884156
2017-01-31,90.1000,90.6700,88.9500,90.6200,1326870
2017-01-30,89.6000,90.3280,88.0100,90.1200,1585650
2017-01-27,89.0100,90.5000,88.7066,90.0900,1980966
2017-01-26,92.0100,92.9800,89.4100,89.4800,4367796
2017-01-25,84.9100,86.9600,84.4900,86.3600,2686379
2017-01-24,83.8600,84.5900,82.1400,83.9700,1487810
2017-01-23,83.8400,83.9100,82.2600,83.2500,988780
2017-01-20,83.1200,84.2700,83.1100,83.4000,1251869
2017-01-19,82.9600,83.6000,82.3900,82.7000,1302082
2017-01-18,83.0100,84.3490,82.6900,82.8500,1466114
2017-01-17,83.0800,83.2500,81.2900,81.4100,879932
2017-01-13,83.8200,84.0000,82.6300,83.5300,745833
2017-01-12,83.0200,83.7600,80.9100,83.4600,1397980
2017-01-11,81.2600,84.9000,81.2600,83.9000,2084701
2017-01-10,82.2500,82.4300,81.1400,81.6700,1268804
2017-01-09,81.8000,82.5700,81.3000,82.0000,1339252
2017-01-06,79.2400,82.3900,78.9000,82.1000,1686580
2017-01-05,78.7100,79.6700,78.3400,79.1300,1564020
2017-01-04,76.0900,78.9800,75.8900,78.8300,2015348
2017-01-03,75.3100,76.9900,74.6300,75.6600,1101812
2016-12-30,75.1100,75.4400,73.6600,74.3400,1051731
2016-12-29,75.1700,75.6099,74.2000,74.9400,759288
2016-12-28,76.7600,77.0500,75.1400,75.2200,978396
2016-12-27,76.0100,77.4000,76.0000,76.8800,548764
2016-12-23,74.6000,76.0700,74.3600,76.0200,606186
2016-12-22,76.9200,77.0500,74.1700,74.5500,1365586
2016-12-21,78.0400,78.0400,76.0300,77.2500,1019091
2016-12-20,78.1000,78.5150,77.1800,78.3000,907959
2016-12-19,77.7200,78.0800,77.2000,77.5000,974827
2016-12-16,79.4600,79.8799,77.2600,77.8600,1338069
2016-12-15,78.9300,80.2700,78.8600,79.4300,741625
2016-12-14,79.6200,79.6500,78.5800,78.9500,1008138
2016-12-13,78.6900,80.7000,78.6900,79.3900,864146
2016-12-12,78.8500,78.8500,76.7600,77.8800,1691541
2016-12-09,80.7300,81.5900,79.2200,79.4000,903045
2016-12-08,80.4000,80.7800,79.5200,80.1100,1298916
2016-12-07,80.1700,80.1700,78.2250,79.9800,1414132
2016-12-06,80.0000,80.0000,78.4700,79.6100,1657291
2016-12-05,77.3300,79.9700,77.2600,79.8700,2173146
2016-12-02,72.8500,76.7100,72.8000,76.5600,3102889
2016-12-01,83.2000,83.5000,76.3400,77.0900,3124029
2016-11-30,84.2500,84.7700,82.6600,83.1500,1563986
2016-11-29,84.8500,85.4993,83.2700,83.4200,1562207
2016-11-28,87.7000,88.4000,84.5600,84.8200,1816839
2016-11-25,86.9100,88.3900,86.5000,87.7400,718825
2016-11-23,85.9300,87.6600,85.9300,87.0500,1353003
2016-11-22,86.2600,86.6800,85.4200,86.2300,1344873
2016-11-21,85.8000,87.0000,85.7500,86.5500,1505479
2016-11-18,87.0100,87.7900,85.5000,85.7500,1248346
2016-11-17,85.7700,87.1700,85.5050,86.8300,917025
2016-11-16,85.2400,86.0300,84.8900,85.6700,1065700
2016-11-15,83.4300,86.2200,83.2012,85.6200,1653743
2016-11-14,82.8900,83.9200,82.3000,83.2700,1359244
2016-11-11,81.8100,82.8290,80.5000,82.6300,1852041
2016-11-10,85.7500,87.7000,82.0500,82.1400,2600944
2016-11-09,83.9900,86.0500,83.3350,84.9800,1358110
2016-11-08,84.4700,86.0000,83.7500,85.5000,1136169
2016-11-07,84.7700,85.8200,84.3900,85.0900,1409303
2016-11-04,84.0000,84.7700,83.1000,83.2100,1630834
2016-11-03,84.5700,85.0900,83.5300,83.8800,1629300
2016-11-02,86.0200,86.9200,84.5500,84.5900,1646665
2016-11-01,87.4500,87.5600,85.9100,86.8900,2562482
2016-10-31,86.1300,88.0400,85.8900,87.9100,2790916
2016-10-28,85.2100,87.3900,84.5800,86.1200,3102319
2016-10-27,86.8200,89.7900,84.5600,84.9600,11112308
2016-10-26,79.5100,79.9800,78.6100,78.9000,2288026
2016-10-25,81.1300,81.9500,79.4100,79.7900,2117039
2016-10-24,80.3900,81.5800,80.1600,81.0000,2127620
2016-10-21,78.4500,80.2600,78.1900,80.0600,1455325
2016-10-20,78.7100,79.0000,78.1900,78.8500,1561409
2016-10-19,79.1700,80.1500,78.1600,78.9200,3482034
2016-10-18,76.3900,77.9700,75.6100,76.1600,1000930
2016-10-17,75.7300,75.7400,74.2600,74.6400,1033151
2016-10-14,76.1500,76.4400,75.0600,75.6200,1582905
2016-10-13,74.7500,75.6200,73.8500,75.3900,1489602
2016-10-12,76.6300,77.0700,73.0200,75.2700,3202088
2016-10-11,80.2500,80.8000,78.3600,78.8000,1674897
2016-10-10,79.0400,80.4900,79.0400,80.0300,1057114
2016-10-07,78.1500,78.9500,77.4700,78.5200,1293500
2016-10-06,79.4900,79.9099,77.9700,78.3800,1167968
2016-10-05,78.9500,80.0200,78.8000,79.4300,1086640
2016-10-04,79.5900,79.8400,78.4300,79.2800,1442289
2016-10-03,79.0700,79.7200,78.4000,79.5700,1056740
2016-09-30,78.7600,79.7000,78.0600,79.1500,1568362
2016-09-29,79.4100,80.1000,77.7300,78.4800,1028976
2016-09-28,79.0900,80.3100,79.0900,79.7700,1892963
2016-09-27,76.4900,79.1950,76.3500,79.0400,1506507
2016-09-26,77.1300,77.2300,76.4100,76.7500,909128
2016-09-23,77.6200,77.7800,76.8000,77.4500,1205559
2016-09-22,77.4500,78.1700,76.9100,77.9200,1406411
2016-09-21,75.9200,76.9200,74.9600,76.8800,1145783
2016-09-20,75.5200,76.0900,74.7800,75.2800,1123610
2016-09-19,77.8800,78.2000,75.9000,75.9900,923852
2016-09-16,77.0500,78.3499,76.7800,77.2900,2113666
2016-09-15,73.2700,77.7500,72.9800,77.7100,3084080
2016-09-14,72.4700,73.2800,71.9800,72.5600,1295983
2016-09-13,73.6100,74.2700,71.3400,72.4200,1997359
2016-09-12,73.2200,74.7100,72.6890,74.5300,703952
2016-09-09,74.8200,75.3600,73.3500,73.5800,844546
2016-09-08,76.4000,76.6500,74.9350,75.4000,1154927
2016-09-07,77.3800,78.3900,76.4800,76.5600,1722223
2016-09-06,76.7300,77.9900,75.9800,77.7200,2139756
2016-09-02,74.1000,76.8600,74.1000,76.2400,1989297
2016-09-01,72.1300,74.0900,71.9300,74.0000,1548071
2016-08-31,72.7000,72.8000,71.7400,72.6700,956952
2016-08-30,73.3000,73.7500,73.0900,73.4400,876132
2016-08-29,73.6100,73.8300,72.9200,73.3900,884961
2016-08-26,73.4200,74.0800,72.8800,73.5000,746441
2016-08-25,73.1700,74.9100,72.7800,73.6000,1017541
2016-08-24,72.4400,73.4600,72.4400,72.7700,1017523
2016-08-23,72.0000,72.9950,71.8000,72.6200,1007015
2016-08-22,73.6300,73.6999,71.2450,71.3900,1350694
2016-08-19,72.8600,73.9600,72.5800,73.6900,736325
2016-08-18,73.2400,73.6300,72.4800,73.0700,1044519
2016-08-17,74.2100,74.7000,72.6800,73.0700,1165807
2016-08-16,76.4100,76.4800,74.5000,74.5200,894982
2016-08-15,75.8400,76.8100,75.1500,76.7400,861619
2016-08-12,75.5300,75.8000,74.9600,75.7700,1079568
2016-08-11,74.6400,76.2932,74.5000,76.0900,1264832
2016-08-10,75.0000,75.0800,74.2700,74.5500,667905
2016-08-09,74.8200,75.2800,74.6700,75.0000,733138
2016-08-08,75.0000,75.6320,74.6400,74.9400,1121047
2016-08-05,75.0900,75.9915,74.8900,75.8300,883370
2016-08-04,73.8700,75.0300,73.8700,74.9400,1716316
2016-08-03,72.8100,74.3900,72.5000,74.2700,2010446
2016-08-02,74.5900,74.8200,71.6900,73.2300,2148451
2016-08-01,74.7900,75.4500,74.0500,75.0700,1286223
2016-07-29,75.9000,75.9000,73.4400,74.9200,2495854
2016-07-28,75.4000,78.7700,74.1500,76.3800,3991920
2016-07-27,74.0000,75.0000,72.4800,72.9800,2138263
2016-07-26,73.5600,73.9850,72.9600,73.3400,1116141
2016-07-25,72.8400,74.1800,72.6101,73.5600,1383216
2016-07-22,71.5500,73.1400,70.7600,72.6700,1133937
2016-07-21,72.4000,72.9300,70.6050,71.0500,1358073
2016-07-20,70.6800,73.4200,70.1100,72.6500,1755930
2016-07-19,69.8300,70.9100,69.6300,69.9900,939526
2016-07-18,70.8200,70.9000,69.6800,69.8300,1429739
2016-07-15,71.4700,71.6300,70.3300,71.0200,1228439
2016-07-14,70.8500,71.2600,70.1500,70.1600,842776
2016-07-13,71.6700,72.7600,70.0700,70.1500,1821131
2016-07-12,69.3400,72.3300,68.1150,70.4600,1857852
2016-07-11,69.4100,70.2750,68.8000,68.8500,1135509
2016-07-08,65.4100,69.6300,65.4100,69.1200,2096340
2016-07-07,65.5500,65.6900,64.7500,65.0100,1304048
2016-07-06,65.0500,65.5550,64.3100,65.3300,1171912
2016-07-05,65.9100,65.9100,64.7700,65.2700,1539014
2016-07-01,66.5200,67.4500,66.0100,66.2100,817226
2016-06-30,67.0000,67.0000,64.9000,66.4000,1715743
2016-06-29,65.8300,66.9800,65.5700,66.4400,1484828
2016-06-28,65.0000,65.7000,63.8800,65.1300,2255759
2016-06-27,69.6700,69.8600,63.5100,63.6700,3034057
2016-06-24,72.5700,73.2200,70.2100,70.3300,2646412
2016-06-23,72.1500,75.1900,71.7500,75.1800,1362738
2016-06-22,72.4700,72.6200,71.8000,71.9200,752321
2016-06-21,72.8600,73.1400,71.8700,72.7300,927375
2016-06-20,73.1700,73.6300,72.4950,72.6000,1109235
2016-06-17,73.2700,74.5300,71.6200,72.0700,1774359
2016-06-16,73.8100,73.9600,72.6800,73.6800,776867
2016-06-15,73.1200,75.0900,73.0100,74.4700,1080471
2016-06-14,72.5100,73.5200,72.1900,72.9800,934759
2016-06-13,73.3200,74.3800,72.5500,72.7100,1753940
2016-06-10,74.6800,75.0900,73.7900,74.0300,1391166
2016-06-09,76.4300,77.2600,75.4000,75.5600,855972
2016-06-08,75.9600,77.7600,75.4000,77.0400,2531027
2016-06-07,74.8800,76.0700,74.0500,76.0200,1978637
2016-06-06,73.6900,75.2450,73.4600,75.0600,1079295
2016-06-03,73.8200,74.0045,72.8600,73.5300,1102676
2016-06-02,72.7900,74.2600,72.5100,74.2300,1184705
2016-06-01,71.3800,73.5000,71.0600,73.1700,1889654
2016-05-31,70.5800,71.6900,70.2700,71.6300,2295437
2016-05-27,69.9100,70.8900,68.9100,70.7300,1349660
2016-05-26,70.7100,71.0600,69.9400,70.0500,1171832
2016-05-25,71.3500,71.4999,70.6300,70.7600,1116040
2016-05-24,70.5400,71.8100,70.0900,70.9800,1502533
2016-05-23,69.5700,71.1300,69.3900,70.2300,1180892
2016-05-20,70.3800,70.7700,68.0800,70.0000,2883189
2016-05-19,71.0000,72.0000,69.6100,69.7500,1920294
2016-05-18,69.5900,71.0500,69.2300,70.0300,1006536
2016-05-17,70.1700,70.5100,68.9600,69.5000,1180227
2016-05-16,67.5600,70.4499,67.2900,70.3000,1943974
2016-05-13,67.2600,68.3800,66.8400,67.4400,1471593
2016-05-12,69.2900,69.5800,67.2000,67.4700,1688445
2016-05-11,68.5100,70.1200,68.4184,68.6400,1560243
2016-05-10,67.4400,68.7000,67.1800,68.5300,1400922
2016-05-09,66.8500,68.3000,66.8000,67.4300,918834
2016-05-06,67.0500,67.7400,65.8300,67.2800,1612833
2016-05-05,68.0700,68.6300,67.2650,67.7900,1510283
2016-05-04,69.4800,69.8300,67.5200,67.6100,1701578
2016-05-03,70.8400,71.0900,69.1400,69.8400,1597993
2016-05-02,71.4500,72.1000,70.8600,72.0200,1156639
2016-04-29,71.3400,72.1300,70.1700,71.4800,1780051
2016-04-28,73.1200,73.6400,71.1200,71.3700,1414001
2016-04-27,72.2500,73.8100,72.2500,73.1500,1523076
2016-04-26,73.4200,73.4900,72.0700,72.6600,1409279
2016-04-25,73.3500,74.5700,73.0000,73.4100,2525077
2016-04-22,73.4400,73.7500,71.8000,73.1100,3253622
2016-04-21,74.7700,76.8400,73.2100,74.2700,8395167
2016-04-20,64.1800,65.5000,63.8800,65.1100,2801919
2016-04-19,64.4700,64.7400,62.5500,63.6700,2091683
2016-04-18,63.2000,64.9000,63.0200,64.4700,2259238
2016-04-15,63.1800,63.4200,62.4600,63.2800,1188625
2016-04-14,63.0800,63.5000,61.9000,63.0000,3443582
2016-04-13,62.4700,63.9300,61.4300,63.7700,1775642
2016-04-12,62.9900,63.3200,61.5500,61.7500,2461802
2016-04-11,64.8700,65.3300,63.1800,63.3100,1348227
2016-04-08,64.3600,65.0300,63.7900,64.5000,1236110
2016-04-07,63.5900,64.8200,63.3200,64.0200,1302291
2016-04-06,63.7400,64.1100,62.9100,63.8400,1775709
2016-04-05,63.4700,64.4100,63.1101,63.6500,1670900
2016-04-04,62.0700,64.3700,61.9590,64.2800,2272130
2016-04-01,61.1300,62.2500,60.0500,62.0300,1536951
2016-03-31,60.9000,61.4100,59.9300,61.1800,2388317
2016-03-30,61.5000,62.4300,61.0200,61.0700,1661909
2016-03-29,60.2400,61.3700,59.9300,61.1400,1557474
2016-03-28,61.6400,61.6700,59.7700,60.3400,1616840
2016-03-24,61.5300,61.7200,60.8300,61.6900,1052252
2016-03-23,62.2000,63.1200,61.9950,62.2500,2035886
2016-03-22,60.4200,62.8200,60.2500,62.3200,1623040
2016-03-21,60.2500,61.3200,59.9100,61.0500,1377751
2016-03-18,61.0500,61.3400,59.9400,60.1500,2735886
2016-03-17,62.3300,62.7600,60.1500,60.8000,2468105
2016-03-16,61.3500,62.6400,60.9700,62.3700,1193106
2016-03-15,61.8900,62.0700,60.7500,61.6500,1523265
2016-03-14,62.8400,63.1100,61.8600,62.3500,1795573
2016-03-11,61.1000,63.6750,60.9350,63.3500,2121435
2016-03-10,61.4000,62.3200,59.7600,60.7200,2295696
2016-03-09,60.5400,60.5800,59.2500,60.4900,2225627
2016-03-08,58.4100,61.0550,58.1500,60.3400,3015875
2016-03-07,57.9900,58.8000,56.5800,58.2200,1393689
2016-03-04,58.8700,59.5600,58.1300,58.5000,1906091
2016-03-03,57.3600,58.4000,56.7400,58.3600,2307961
2016-03-02,57.5000,58.1100,56.6200,57.6600,2063739
2016-03-01,55.8400,57.8500,55.3600,57.8500,3652317
2016-02-29,55.2500,56.2300,54.9400,54.9900,1967014
2016-02-26,54.5800,56.2000,54.2700,55.5100,2586441
2016-02-25,53.1100,55.0000,52.7700,54.1600,2703506
2016-02-24,52.0200,52.7500,50.0000,52.5500,2689279
2016-02-23,54.2400,54.3900,51.4500,53.0100,2872701
2016-02-22,55.1000,56.3500,54.2500,54.6900,2461055
2016-02-19,54.2200,55.6200,54.0600,54.7400,2840101
2016-02-18,55.5300,55.8400,54.2200,54.2600,3307744
2016-02-17,52.5000,55.5500,52.3100,55.2600,5309261
2016-02-16,50.5900,52.2600,49.9500,52.0400,2719487
2016-02-12,49.4800,50.2900,48.1100,50.0800,2099523
2016-02-11,49.2800,49.6400,47.3100,49.0300,2912991
2016-02-10,48.6700,51.8000,48.6700,49.9900,3093729
2016-02-09,46.6000,49.3300,46.1200,48.5200,5618672
2016-02-08,50.9200,51.1200,45.9950,47.1400,6546836
2016-02-05,54.1200,55.4700,49.4601,52.3100,7257300
2016-02-04,58.8500,60.2500,58.3900,58.6200,3647399
2016-02-03,57.5700,59.4400,56.6700,59.3000,3651725
2016-02-02,61.4800,61.6400,56.8300,57.2500,4793770
2016-02-01,61.6000,62.8300,61.4400,61.9600,2667255
2016-01-29,63.9900,65.5100,60.7100,62.2100,7290995
2016-01-28,57.8200,64.3800,57.6700,63.5700,19775137
2016-01-27,77.1200,77.6000,74.5300,75.3700,4258011
2016-01-26,76.1200,78.1900,75.2675,77.9600,2496782
2016-01-25,76.4400,77.1600,75.0550,76.1000,1840679
2016-01-22,75.5800,76.7599,75.5800,76.6700,1270961
2016-01-21,74.7400,76.1100,73.6200,74.4100,1921763
2016-01-20,73.2500,75.3200,70.1400,74.3100,2111975
2016-01-19,77.1600,77.7900,73.6700,74.3200,1993130
2016-01-15,76.1200,77.2600,74.7200,76.3400,1773817
2016-01-14,77.2300,78.5000,73.9100,78.2100,1511361
2016-01-13,81.0900,81.7900,75.4900,76.7900,1889662
2016-01-12,79.7300,81.4900,79.7300,80.9900,1665225
2016-01-11,78.7200,79.0600,77.2000,78.5300,1113587
2016-01-08,80.1100,80.6500,77.8900,78.1200,1219886
2016-01-07,79.6800,81.6500,78.9300,79.6400,1553068
2016-01-06,82.8800,83.0650,80.7000,81.4200,1418179
2016-01-05,84.5100,85.5500,83.4700,84.0000,1328660
2016-01-04,84.9800,85.6700,83.1700,84.0700,1273607
2015-12-31,87.3800,87.6100,85.9900,86.5600,708460
2015-12-30,88.2000,88.3600,87.1300,87.3800,691955
2015-12-29,87.4700,88.5600,87.3600,88.1200,1121871
2015-12-28,86.6400,87.2600,86.2900,86.8900,471582
2015-12-24,86.8000,87.3600,86.5900,86.9600,251290
2015-12-23,86.9700,87.6300,86.4000,86.8900,920030
2015-12-22,87.5000,87.5500,86.0700,86.4800,1032726
2015-12-21,86.9300,87.1000,86.1200,87.0200,1457278
2015-12-18,87.1800,87.8200,85.7200,85.7300,3043478
2015-12-17,87.5100,88.2200,85.6900,87.2700,1570496
2015-12-16,85.9900,87.6000,84.9400,87.3900,1566858
2015-12-15,84.0300,86.2900,84.0300,85.6000,1422616
2015-12-14,83.4700,84.2500,82.1230,83.5700,1643461
2015-12-11,85.9700,87.0000,83.1700,83.4900,1901100
2015-12-10,86.0700,87.8800,85.9700,86.9400,1115371
2015-12-09,87.2800,87.6550,85.7200,86.1000,1167220
2015-12-08,87.0700,88.4730,85.6500,87.7200,1385633
2015-12-07,89.5300,89.9050,87.6301,87.9800,1237233
2015-12-04,88.1000,91.2800,88.1000,89.9900,1821500
2015-12-03,88.3200,90.5400,87.5600,88.0900,2277887
2015-12-02,87.0000,88.9000,86.8000,87.5300,1857186
2015-12-01,87.2700,87.4200,86.1300,86.4700,1420761
2015-11-30,87.5800,87.5800,86.1450,87.0100,1211296
2015-11-27,86.7400,87.7400,86.6600,87.2900,420550
2015-11-25,86.6700,87.7300,86.6600,86.8900,665063
2015-11-24,85.7100,86.8600,85.1500,86.7000,832128
2015-11-23,86.0700,87.7000,85.8200,86.4600,880129
2015-11-20,86.1400,87.2100,85.7700,86.1900,1435451
2015-11-19,86.0000,86.9900,85.5500,85.7500,1600750
2015-11-18,85.0000,85.9500,84.2800,85.7500,1968073
2015-11-17,84.4000,85.5300,84.0000,84.9100,921363
2015-11-16,82.5700,84.6400,82.0400,84.3700,763462
2015-11-13,84.0400,84.6400,82.3200,82.8800,1111194
2015-11-12,83.4900,85.2500,82.8900,84.5000,1052861
2015-11-11,84.0000,84.6700,83.0800,83.9000,856444
2015-11-10,83.7300,84.5000,83.2100,84.1500,1302264
2015-11-09,85.0000,85.5300,84.0700,84.6000,1355941
2015-11-06,84.1200,85.8800,84.0000,85.2400,1344942
2015-11-05,83.2300,84.4900,82.7900,83.9100,1308872
2015-11-04,82.6700,84.4000,82.1600,83.8400,1734920
2015-11-03,82.0000,83.6760,81.1800,82.5300,1266314
2015-11-02,81.6800,82.4200,80.6400,82.0200,798762
2015-10-30,81.9400,82.3500,80.9000,81.6500,1432698
2015-10-29,82.0100,82.9100,81.3800,81.5600,815644
2015-10-28,80.0800,82.1780,79.7150,82.1500,1742556
2015-10-27,78.3700,80.4700,78.1700,80.1700,1799432
2015-10-26,78.8700,79.3000,77.7500,78.8000,938196
2015-10-23,78.1900,78.9600,75.3200,78.8900,2620935
2015-10-22,72.3100,78.6100,72.2900,77.9500,4022239
2015-10-21,74.9400,75.1300,72.9600,73.0200,2593161
2015-10-20,75.9200,76.5900,74.3200,74.7300,1160673
2015-10-19,76.3400,76.7300,74.8700,75.7900,1039798
2015-10-16,75.3800,76.4900,75.0700,76.4600,1054692
2015-10-15,73.9900,76.3000,73.9200,75.6400,1289136
2015-10-14,74.0200,75.0200,73.4300,73.9000,1022964
2015-10-13,74.0800,76.2100,73.6000,74.1600,767871
2015-10-12,74.3400,75.2400,73.5600,74.2800,555590
2015-10-09,73.1200,74.7150,72.1750,74.4200,942283
2015-10-08,74.9300,74.9300,71.7700,73.0200,1679374
2015-10-07,75.2300,75.2700,73.0200,74.9700,1845865
2015-10-06,75.9000,76.9100,74.2500,74.5800,1272896
2015-10-05,72.6200,76.5300,72.4000,76.4700,1826627
2015-10-02,70.3500,72.2600,69.9000,72.2300,924313
2015-10-01,69.1400,71.6500,67.6500,71.5800,1778300
2015-09-30,69.7200,70.3000,67.0700,69.4500,1690285
2015-09-29,68.9700,69.6500,67.7600,68.9400,1083242
2015-09-28,72.6300,72.8100,68.7600,69.0300,1755732
2015-09-25,73.1300,74.4800,71.9400,72.8600,2369565
2015-09-24,72.6900,72.7300,70.9700,72.1200,1107952
2015-09-23,73.1800,74.2500,72.3800,72.9900,798083
2015-09-22,73.2700,73.7500,72.1700,73.0600,1063803
2015-09-21,74.7800,75.6190,73.6400,74.4100,1010426
2015-09-18,73.7200,75.0200,73.6300,74.3600,1424345
2015-09-17,73.6100,75.5400,73.5700,74.6100,720911
2015-09-16,74.4100,74.6200,73.3700,73.9400,894759
2015-09-15,73.6500,74.3650,73.0300,74.2600,827373
2015-09-14,73.5700,73.8700,72.3500,73.5600,1044612
2015-09-11,72.7500,73.6600,71.8800,73.6000,839271
2015-09-10,71.6400,73.2400,71.6400,72.6600,871193
2015-09-09,73.7500,74.4400,71.8100,72.0200,1250178
2015-09-08,70.9800,73.4500,70.7000,73.3300,1353668
2015-09-04,70.2100,70.7500,69.2500,69.7900,1069085
2015-09-03,70.3400,71.9300,70.0700,71.2200,1544640
2015-09-02,69.0200,69.9600,67.8500,69.9500,1781722
2015-09-01,69.5900,70.8700,68.6500,68.9200,1573545
2015-08-31,72.1500,72.7800,70.8400,70.9600,1004594
2015-08-28,72.3600,73.3700,71.5400,72.5400,856536
2015-08-27,71.9400,73.2600,70.4200,72.3600,1580744
2015-08-26,70.3400,71.6900,68.8776,71.4100,1667585
2015-08-25,70.8000,72.1300,68.2400,68.6700,1927242
2015-08-24,65.9700,71.9599,64.2900,68.0000,3299850
2015-08-21,69.4300,71.0000,68.5500,69.9100,1832401
2015-08-20,74.8800,74.9500,70.1600,70.3100,1680380
2015-08-19,76.5000,76.5400,74.8000,75.6300,1155708
2015-08-18,77.2800,77.8800,75.8200,75.8900,588102
2015-08-17,76.0300,77.2800,75.8200,77.2500,634204
2015-08-14,75.5000,76.7500,74.5900,76.6300,805873
2015-08-13,76.7100,77.0500,74.7300,75.7000,912878
2015-08-12,75.9000,76.9100,74.4400,76.8500,1092566
2015-08-11,75.7950,77.0999,75.3000,76.6700,710925
2015-08-10,77.5400,77.8400,76.3200,76.5900,879544
2015-08-07,75.9100,77.0000,74.9100,76.9500,932599
2015-08-06,78.2800,78.2800,75.4200,75.9900,1678395
2015-08-05,78.2200,79.8900,78.0200,78.4100,1151047
2015-08-04,79.2800,79.4800,77.2000,77.9100,1973169
2015-08-03,80.5000,80.9600,78.5600,79.1500,1192544
2015-07-31,80.2400,81.1300,79.3800,80.5000,1827644
2015-07-30,78.4800,81.2100,76.6000,81.0300,3264682
2015-07-29,76.9000,78.5000,74.9500,77.9800,3943093
2015-07-28,76.7700,78.8800,76.0800,78.6300,1055265
2015-07-27,78.8500,78.8900,76.1200,76.3400,1579381
2015-07-24,78.4700,80.9700,77.5100,79.6400,1436829
2015-07-23,78.3200,79.2500,77.4700,78.0200,920539
2015-07-22,78.1100,78.9400,77.7700,77.8500,622938
2015-07-21,78.8100,79.6800,77.9700,78.5700,574712
2015-07-20,79.1700,79.3300,78.5700,78.8400,453030
2015-07-17,79.1200,80.2300,78.5700,78.9200,809480
2015-07-16,78.1500,79.1500,77.8350,78.9200,665940
2015-07-15,77.6000,78.4200,76.9600,77.5800,911704
2015-07-14,76.7000,78.8500,76.7000,77.4100,998335
2015-07-13,77.3400,77.5500,75.8100,76.6000,999372
2015-07-10,77.1500,77.5850,76.6200,76.7400,656492
2015-07-09,75.6100,77.0540,75.6100,76.1800,931106
2015-07-08,74.9900,76.0400,74.2100,74.8300,703239
2015-07-07,73.8700,75.8600,72.0800,75.6800,1380385
2015-07-06,73.4000,74.7200,73.0700,73.7000,1079502
2015-07-02,73.8700,74.6000,73.1600,74.5300,801960
2015-07-01,75.4200,75.6300,73.4700,73.9000,1072951
2015-06-30,74.3000,74.7100,73.6000,74.3100,1113588
2015-06-29,75.8100,76.6100,73.4600,73.7700,1309288
2015-06-26,79.2700,79.2700,75.3100,77.0200,2086614
2015-06-25,77.8200,79.3200,77.7500,78.9200,1071705
2015-06-24,80.3900,80.6420,77.1300,77.4700,1693316
2015-06-23,80.9000,80.9000,80.0400,80.7500,674390
2015-06-22,81.0000,81.6700,79.6300,80.3200,928917
2015-06-19,81.3200,81.3200,80.0100,80.3800,1932027
2015-06-18,80.1900,81.1500,79.2000,80.9700,1598142
2015-06-17,79.5100,80.8900,79.3700,79.9200,1313619
2015-06-16,77.5700,79.4300,77.3501,79.4000,941310
2015-06-15,77.0700,77.8700,76.4600,77.6400,673985
2015-06-12,77.3300,78.2800,77.3300,77.9400,580551
2015-06-11,78.0000,78.6800,77.1100,77.7300,822048
2015-06-10,75.9000,77.8200,75.2401,77.7000,1263542
2015-06-09,75.1100,76.1800,73.6600,75.6600,1288967
2015-06-08,76.7800,77.1050,74.6700,74.6700,1155008
2015-06-05,74.9100,77.1600,74.9100,76.8900,1139698
2015-06-04,76.2000,77.1150,74.9500,75.4600,953892
2015-06-03,75.3900,76.8050,75.2300,76.6100,898309
2015-06-02,75.6000,75.9100,75.0400,75.3800,1134658
2015-06-01,76.6400,76.9000,75.0200,75.6800,1360233
2015-05-29,77.9700,78.0500,76.0200,76.6100,2922551
2015-05-28,78.0000,79.1300,77.6200,78.4000,1364888
2015-05-27,77.2500,78.6500,75.6600,78.3900,1488124
2015-05-26,78.3400,78.6900,76.9500,77.7100,1019941
2015-05-22,78.5800,79.0000,77.6000,78.7600,1214417
2015-05-21,77.7400,78.9600,77.5500,78.8700,1153981
2015-05-20,77.7200,77.9100,76.2600,77.4500,1826597
2015-05-19,77.2400,78.2700,76.7701,77.7800,1521638
2015-05-18,75.3200,77.5300,75.3200,77.2600,990633
2015-05-15,76.0100,76.3500,75.0400,75.7100,867009
2015-05-14,75.3400,77.1400,74.4600,76.0500,1571727
2015-05-13,74.3900,75.3100,73.4600,75.1100,1600992
2015-05-12,73.0000,74.9800,72.0900,74.2600,837206
2015-05-11,73.7100,74.6600,73.3900,73.9900,758603
2015-05-08,74.8500,76.2600,73.9000,73.9100,1862694
2015-05-07,73.2900,74.4100,73.0500,74.0100,682815
2015-05-06,73.5000,73.9770,72.3400,73.3000,889629
2015-05-05,73.0000,73.7900,71.4200,73.2800,1886343
2015-05-04,73.7300,74.5400,73.4250,73.6100,869202
2015-05-01,74.5700,75.4850,73.5200,73.7500,1455840
2015-04-30,76.6600,77.5700,74.5700,74.8600,1728100
2015-04-29,74.6200,79.5000,73.6412,77.4700,2818653
2015-04-28,74.9800,75.9600,74.0000,74.9900,1127210
2015-04-27,76.7900,76.7900,74.4200,74.7600,1342558
2015-04-24,77.3100,77.3450,76.0100,76.0900,1380861
2015-04-23,77.1000,77.7100,76.7500,76.8800,1803694
2015-04-22,77.9300,78.2299,76.7000,77.7200,2243700
2015-04-21,75.5100,77.8100,75.5100,77.5000,3631247
2015-04-20,73.6000,75.6600,72.7800,74.6400,3783547
2015-04-17,74.7500,74.9900,70.3200,73.2900,13045337
2015-04-16,80.3600,83.4500,80.3050,82.8400,4304118
2015-04-15,80.4600,80.9500,79.7100,80.7500,1159462
2015-04-14,80.7400,81.0900,79.5050,80.2000,1003516
2015-04-13,82.7900,83.5200,80.6600,80.7300,1218535
2015-04-10,81.7700,82.3600,81.1100,82.3400,698868
2015-04-09,80.7200,81.9000,79.7800,81.7400,872934
2015-04-08,78.7600,81.0000,78.7600,80.8400,1137380
2015-04-07,78.6900,79.9500,78.3250,78.4700,842051
2015-04-06,76.9300,79.1000,75.9800,78.2400,1790022
2015-04-02,75.7500,76.2300,75.1400,76.1200,1129214
2015-04-01,78.5500,78.7700,75.1260,75.6500,1987612
2015-03-31,79.2600,80.0400,78.6100,78.7800,975037
2015-03-30,78.9600,80.0000,78.8300,79.4400,611638
2015-03-27,77.3100,78.8000,76.9000,78.4700,782538
2015-03-26,75.5600,77.6800,75.0000,77.0300,1620989
2015-03-25,79.4900,79.4900,76.1100,76.2000,1430948
2015-03-24,79.2800,80.3900,79.0500,79.2500,654940
2015-03-23,79.3700,79.8200,78.7600,79.2800,570245
2015-03-20,80.5400,81.0000,79.0000,79.3800,1304932
2015-03-19,79.8800,80.9900,79.8500,80.4600,702245
2015-03-18,80.0000,81.0000,79.0600,80.0500,1126086
2015-03-17,79.1700,80.1500,78.9000,79.9000,1569093
2015-03-16,77.2600,79.1800,76.9500,78.6500,1212862
2015-03-13,76.6200,77.3000,75.9700,76.9200,1116664
2015-03-12,74.3500,76.6600,74.2400,76.6600,1781380
2015-03-11,73.7500,74.8100,73.4400,74.2400,710221
2015-03-10,73.6000,74.0700,72.6100,73.5900,873527
2015-03-09,74.0000,74.3200,72.4200,74.2400,721651
2015-03-06,74.2800,75.2900,73.5200,74.0600,907379
2015-03-05,73.6000,75.4400,73.4520,74.7000,1052105
2015-03-04,74.9700,75.0600,73.3700,73.6000,1178468
2015-03-03,76.1200,76.9400,74.6100,75.4500,1148099
2015-03-02,75.9700,76.8000,75.1300,76.4400,1382508
2015-02-27,79.2000,79.2000,75.9500,76.2600,3541960
2015-02-26,80.0100,81.2400,78.8600,79.5300,1960209
2015-02-25,78.1700,79.4100,78.0700,79.0300,1422967
2015-02-24,78.7800,79.0000,77.9300,78.7500,1156504
2015-02-23,78.7700,79.3700,78.3600,78.6700,1124221
2015-02-20,77.9100,79.3000,77.5201,79.0600,1004251
2015-02-19,77.3800,78.9900,77.0700,78.1600,1057631
2015-02-18,77.0000,77.7200,76.1000,77.4800,871186
2015-02-17,77.1200,77.2500,75.4600,76.8800,949655
2015-02-13,76.2500,77.6400,74.9900,77.5500,1470870
2015-02-12,73.8800,75.9700,73.8500,75.9500,1488855
2015-02-11,72.8200,73.9999,72.4600,73.8800,1039807
2015-02-10,73.1300,73.5400,72.5500,73.3200,1147954
2015-02-09,74.2700,74.6500,72.7700,72.8800,930630
2015-02-06,73.9200,75.1500,73.3600,74.9400,1053836
2015-02-05,74.9000,75.2740,73.7900,74.2200,1549703
2015-02-04,72.5000,74.7500,71.9600,74.6100,1608777
2015-02-03,72.9900,73.4400,71.7300,72.6500,1335892
2015-02-02,72.3300,73.0000,70.0700,72.9900,2084767
2015-01-30,72.6100,73.4500,70.5000,72.9000,2233462
2015-01-29,73.0500,74.3500,70.0400,73.8800,3751975
2015-01-28,68.5000,70.2100,66.9400,68.9100,2672856
2015-01-27,67.2600,68.1800,66.4100,67.9100,879654
2015-01-26,68.7000,68.7000,66.5000,68.0100,883389
2015-01-23,66.5900,69.5000,66.5500,68.7400,1029797
2015-01-22,66.1900,66.5500,64.5700,66.1400,490190
2015-01-21,64.7100,66.8410,64.3700,65.5200,755601
2015-01-20,63.8400,65.0500,62.5500,64.8300,874524
2015-01-16,63.6200,64.2050,63.1000,63.9600,837187
2015-01-15,66.6900,66.6900,63.4400,63.6300,1017586
2015-01-14,66.1900,66.6000,65.4200,66.3400,755558
2015-01-13,67.8000,69.4400,66.4600,67.2700,641265
2015-01-12,67.1200,68.4400,66.5000,68.1900,799564
2015-01-09,69.2800,69.2800,66.2300,67.1100,1035256
2015-01-08,67.8700,69.0800,67.4400,68.8900,640288
2015-01-07,66.9100,67.4700,66.0000,67.0900,622984
2015-01-06,67.1800,67.8700,65.1675,66.3300,857475
2015-01-05,66.5700,68.3700,66.4300,67.1500,800527
2015-01-02,67.8100,68.4900,66.2700,67.3800,815825
2014-12-31,67.9400,68.9300,67.6240,67.8500,573883
2014-12-30,68.4500,69.1700,67.0900,67.8800,809751
2014-12-29,69.9600,69.9600,68.2500,68.8600,462008
2014-12-26,69.7700,70.9000,69.5300,70.1200,386804
2014-12-24,69.6100,70.4500,69.3300,69.6900,269751
2014-12-23,70.0000,70.6399,69.5200,69.5700,976846
2014-12-22,69.0000,70.5400,68.9900,69.7100,1003743
2014-12-19,68.2200,69.3400,68.0550,69.1000,1560661
2014-12-18,66.7500,68.1200,66.6800,68.0800,1467100
2014-12-17,64.0500,66.0200,63.0000,65.6900,1321841
2014-12-16,63.9000,65.4400,62.6500,63.5800,1760217
2014-12-15,62.7500,63.8000,62.0900,63.4400,1606445
2014-12-12,60.7500,61.8300,60.5100,61.2500,1216581
2014-12-11,61.8900,62.5800,61.1500,61.3500,923921
2014-12-10,62.5300,63.4800,60.9700,61.2600,1409498
2014-12-09,60.8900,62.1800,59.5800,62.0300,724990
2014-12-08,61.9900,63.2400,61.3200,61.6900,1136449
2014-12-05,62.6600,62.8100,61.9800,62.6300,767694
2014-12-04,61.4000,62.6750,61.1500,62.5000,890313
2014-12-03,61.6700,62.0950,60.5800,61.8300,1124047
2014-12-02,61.7800,61.9800,60.4800,61.7300,1429700
2014-12-01,63.4100,63.4400,61.1600,61.8500,1114264
2014-11-28,62.6700,64.6600,62.0000,63.9600,478477
2014-11-26,63.0200,64.5500,62.8600,63.9700,830209
2014-11-25,63.9000,63.9799,62.7600,62.9800,848932
2014-11-24,64.3600,64.5700,63.5100,63.9700,924979
2014-11-21,65.0600,65.7500,63.7400,63.9800,924079
2014-11-20,63.2800,64.6000,62.6900,64.1300,1194901
2014-11-19,64.9400,65.0699,62.6900,63.7200,802579
2014-11-18,65.2100,65.9800,64.6200,64.9800,919149
2014-11-17,67.0100,67.4025,64.3700,65.3200,1129535
2014-11-14,66.7700,67.6100,66.5100,67.5100,614362
2014-11-13,67.6200,68.2600,66.5100,66.9700,773109
2014-11-12,67.7700,68.6400,67.3500,67.6800,1247630
2014-11-11,68.6200,69.0000,67.9400,68.1500,809465
2014-11-10,67.4000,69.3400,67.0900,68.9100,1335740
2014-11-07,66.6600,68.2800,66.1200,67.7900,771728
2014-11-06,65.6900,67.5100,65.6200,66.8500,1408968
2014-11-05,67.1500,67.2400,65.2400,65.5500,922001
2014-11-04,66.1300,67.0800,65.9600,66.8800,838997
2014-11-03,67.4400,67.9900,66.0100,66.2100,1289813
2014-10-31,67.4600,69.8700,67.1900,67.9300,1712333
2014-10-30,67.7700,68.6400,67.3500,67.6800,1119991
2014-10-29,66.8400,66.9700,64.9500,65.0300,1240569
2014-10-28,64.4900,67.1500,64.2100,66.9700,1629132
2014-10-27,65.1400,65.4400,63.9700,64.0900,1145486
2014-10-24,63.9000,66.4900,63.7001,65.4500,2327151
2014-10-23,59.7500,65.4800,59.5200,64.5400,5352417
2014-10-22,60.4800,60.6697,57.8700,58.0700,1798590
2014-10-21,59.6200,61.3000,59.5400,60.4800,1519183
2014-10-20,60.2300,61.1250,58.9300,59.2800,1046322
2014-10-17,58.2100,61.1000,57.7500,60.3800,1557231
2014-10-16,55.8700,58.2000,55.5600,57.2500,1208872
2014-10-15,55.0400,57.9700,54.0500,57.4000,1269597
2014-10-14,54.9300,56.4800,54.1300,56.0300,1943066
2014-10-13,56.8300,57.5200,54.1100,54.2000,1941068
2014-10-10,57.9100,58.6600,56.4700,56.4700,1019894
2014-10-09,59.2800,60.8100,58.3400,58.3600,1275670
2014-10-08,57.9900,59.5100,56.3000,59.3600,801660
2014-10-07,60.0500,60.0500,57.7200,57.8200,713632
2014-10-06,60.2500,61.8900,59.9600,60.5300,1109561
2014-10-03,58.2500,60.3800,58.2100,60.2900,1000482
2014-10-02,57.4400,58.0880,55.8000,57.9200,875111
2014-10-01,58.4900,58.4900,56.6000,57.3000,1079011
2014-09-30,59.8600,60.2200,58.1700,58.7800,1109813
2014-09-29,58.9000,59.8000,58.7400,59.7900,530798
2014-09-26,58.4300,59.7900,58.3100,59.5600,614732
2014-09-25,59.9600,60.1500,58.2500,58.4000,919658
2014-09-24,59.1700,60.3600,58.8800,60.0700,874526
2014-09-23,60.2300,60.6800,59.1600,59.1700,1217121
2014-09-22,61.9600,61.9600,60.1100,60.6000,866426
2014-09-19,61.7600,63.6690,61.6400,62.3400,3001300
2014-09-18,61.0200,61.4500,60.2300,61.3100,846600
2014-09-17,59.8000,61.4700,59.6900,61.0100,1417900
2014-09-16,58.4600,60.2600,58.2000,59.9100,1515500
2014-09-15,62.4300,62.4300,57.8900,58.9800,1421200
2014-09-12,63.1500,63.1600,61.1400,61.6100,1449500
2014-09-11,62.2500,63.3900,61.6300,63.3600,1499600
2014-09-10,62.2000,62.6600,61.4400,62.4800,1483300
2014-09-09,63.8400,63.9700,61.9600,62.2300,1190100
2014-09-08,62.7500,64.9800,62.7200,64.3100,1925500
2014-09-05,61.2100,62.6800,60.6800,62.4700,872600
2014-09-04,62.8000,62.9900,60.8900,61.2600,1115900
2014-09-03,63.3200,63.7500,62.2600,62.7400,1521700
2014-09-02,61.2700,62.8800,60.5100,62.8500,1569000
2014-08-29,59.7800,61.5800,59.7600,61.1300,1669900
2014-08-28,60.0000,60.0000,59.3600,59.5300,884700
2014-08-27,60.1100,60.6700,59.5600,60.0800,1346300
2014-08-26,58.8800,59.9900,58.2200,59.7300,1012100
2014-08-25,60.0000,60.0000,58.4700,58.8200,994300
2014-08-22,56.9700,60.4000,56.6200,59.6200,2081200
2014-08-21,57.6400,57.9300,56.5700,56.9000,833500
2014-08-20,57.8100,58.5200,57.1400,57.5300,1246200
2014-08-19,56.1400,57.7800,56.1400,57.7100,1724600
2014-08-18,55.3500,56.1000,55.2200,56.0000,1450500
2014-08-15,55.1000,55.4600,54.1100,54.7000,937400
2014-08-14,55.4100,55.4700,54.5600,54.8900,725700
2014-08-13,55.0000,55.3900,54.5300,55.3100,1439400
2014-08-12,56.0000,56.2700,54.3500,54.6100,928400
2014-08-11,55.4100,56.0700,54.8900,55.9900,795300
2014-08-08,55.7700,55.7700,54.5100,55.0000,1027300
2014-08-07,55.7700,56.1600,54.8900,55.3600,1012100
2014-08-06,56.0400,56.6900,55.1900,55.3700,1617500
2014-08-05,57.0600,58.1100,56.4200,56.6300,1166000
2014-08-04,56.8300,57.9300,56.4700,57.7100,1196000
2014-08-01,56.8300,57.9300,56.4700,57.7100,1959800
2014-07-31,57.3700,61.4500,57.0600,58.8000,3004500
2014-07-30,60.0000,63.1700,59.7200,62.6400,3363800
2014-07-29,58.2700,59.8500,57.8800,59.7000,1222000
2014-07-28,59.5600,59.9700,57.6500,58.3300,2003600
2014-07-25,59.0200,59.9800,58.5200,59.7300,654000
2014-07-24,58.3700,59.6200,58.1200,59.4300,1168700
2014-07-23,59.0800,59.1700,57.8700,58.2300,976300
2014-07-22,59.2800,60.3100,58.3600,58.5500,1358200
2014-07-21,57.0300,59.0400,56.6900,58.8800,1508500
2014-07-18,56.9400,58.4100,56.8500,57.5200,1458000
2014-07-17,55.9500,57.2200,55.9500,56.6100,2246700
2014-07-16,56.6500,57.1600,55.6150,56.3200,1174700
2014-07-15,57.6700,58.1500,55.7700,56.0200,1432800
2014-07-14,57.7200,59.0000,57.0800,57.5500,1067800
2014-07-11,57.5900,58.0200,56.2900,57.0200,1025800
2014-07-10,55.6800,58.3000,54.1200,57.5000,1511700
2014-07-09,56.1700,56.8800,55.3100,56.6400,1249400
2014-07-08,59.6400,59.7250,55.5200,55.8800,3228700
2014-07-07,61.3300,61.7100,59.6700,59.9300,1300400
2014-07-03,62.3300,62.3300,61.1900,61.6000,598100
2014-07-02,63.1700,63.4800,61.7000,62.1200,1193100
2014-07-01,62.3600,64.6100,62.1900,63.5800,2406100
2014-06-30,61.4000,62.3400,61.4000,61.9600,1521500
2014-06-27,61.5100,62.5100,60.6500,61.4000,4465700
2014-06-26,61.7800,62.1800,60.8300,61.6300,1235900
2014-06-25,60.8900,62.0200,60.6010,61.9300,885300
2014-06-24,60.9400,62.8100,60.9400,61.0900,1353400
2014-06-23,60.0700,61.3000,59.5200,61.2300,1542700
2014-06-20,60.2000,60.5200,59.0920,60.4700,1214400
2014-06-19,60.7500,60.7500,59.2100,60.0200,1036700
2014-06-18,60.2600,60.7100,59.2500,60.5200,1266600
2014-06-17,59.7600,60.4300,58.8700,60.0000,1787400
2014-06-16,58.9600,60.1200,58.3600,59.9600,1630200
2014-06-13,57.5600,59.2100,56.9601,59.2000,1869100
2014-06-12,57.2300,58.9000,56.2400,57.4800,2378400
2014-06-11,55.6300,57.8500,55.2200,57.8000,1757300
2014-06-10,55.8800,56.8500,54.9500,55.9700,1235200
2014-06-09,56.7700,57.4900,55.6400,55.9400,1554700
2014-06-06,54.0700,56.9900,53.9100,56.6100,3493300
2014-06-05,51.4300,53.9800,50.7940,53.8900,2883500
2014-06-04,50.1000,51.4225,49.2800,51.3900,1398700
2014-06-03,49.9000,50.7500,48.6700,50.4100,2854200
2014-06-02,52.3300,52.3400,49.4600,50.2600,3069100
2014-05-30,54.0600,54.3600,51.5100,52.3100,2385100
2014-05-29,53.9800,54.7800,53.5200,54.3900,1646700
2014-05-28,54.2100,54.3800,52.1300,53.8100,3027900
2014-05-27,52.7500,54.4500,52.6000,54.3000,3130900
2014-05-23,50.5000,52.9600,49.8600,52.5300,2624200
2014-05-22,48.4300,50.8100,48.0000,50.4400,1716000
2014-05-21,48.6300,49.4300,47.7000,48.3700,1192500
2014-05-20,48.4000,49.2600,47.0100,48.4900,1716600
2014-05-19,47.1800,48.9300,46.8000,48.4000,1605400
2014-05-16,48.0000,48.1100,46.3400,47.3900,2116200
2014-05-15,47.1900,48.0400,45.9600,47.8200,2179200
2014-05-14,47.1700,48.7500,46.8100,47.5700,1195600
2014-05-13,48.2800,49.0000,47.3100,47.3300,1920100
2014-05-12,46.8300,48.9400,46.0800,48.5100,2209000
2014-05-09,46.5000,47.5300,45.8700,46.4600,2414600
2014-05-08,46.4900,48.1700,45.6701,46.7400,3065200
2014-05-07,49.6400,49.7400,45.5300,47.0600,6097000
2014-05-06,52.2400,52.7400,49.4600,49.4900,2199700
2014-05-05,50.5600,52.2400,49.8200,52.2200,2522500
2014-05-02,50.7300,51.9400,49.3200,51.1800,2653400
2014-05-01,49.2500,53.0400,49.0200,50.4800,3002400
2014-04-30,49.1500,50.1000,47.8400,49.7200,3084000
2014-04-29,46.4000,50.4200,46.4000,49.1700,4090000
2014-04-28,47.6000,49.0800,44.1700,46.4200,5747400
2014-04-25,49.5900,49.8600,47.0400,47.2300,4431600
2014-04-24,54.7000,54.7000,45.0700,49.8800,10440700
2014-04-23,55.0900,55.1500,52.5200,53.0700,3319000
2014-04-22,53.4700,55.3300,53.1600,55.2300,2329300
2014-04-21,52.1000,53.3699,51.3000,53.1500,1806900
2014-04-17,53.1500,53.9700,51.9000,53.2600,1716100
2014-04-16,52.1200,53.5100,50.9500,53.2900,3210100
2014-04-15,49.9400,51.9900,48.6300,51.7100,2537700
2014-04-14,50.1200,51.1400,48.8000,49.6500,2130500
2014-04-11,49.9100,50.8400,49.1000,49.6700,2564300
2014-04-10,54.7400,54.8900,49.8400,50.6300,4070300
2014-04-09,52.0300,55.0000,51.1500,54.8800,4494400
2014-04-08,51.2100,52.2500,50.2600,50.8600,8369300
2014-04-07,51.7500,52.6800,49.2100,50.9400,4198500
2014-04-04,55.5000,55.8000,51.8700,52.3200,5890200
2014-04-03,61.0800,61.3300,53.7700,54.6800,5284200
2014-04-02,63.2300,63.9600,60.5000,61.2700,1637200
2014-04-01,60.0700,62.5500,59.7100,62.5300,2254000
2014-03-31,58.3800,59.9500,57.8601,59.9200,1877100
2014-03-28,59.2800,59.6900,57.8000,57.9100,1526400
2014-03-27,57.2000,59.2500,55.1401,59.0100,3127900
2014-03-26,60.0000,60.7100,57.3900,57.5500,1892600
2014-03-25,61.8000,62.2500,57.5700,59.2100,3397300
2014-03-24,62.6300,63.0600,59.5800,61.5400,2764700
2014-03-21,66.6400,66.6400,62.5300,62.5600,2996200
2014-03-20,66.8700,68.5800,66.4300,66.6000,1109600
2014-03-19,68.4600,68.8900,67.0000,67.4400,825700
2014-03-18,67.0800,69.4500,66.5100,68.4600,1334300
2014-03-17,66.8000,67.9700,66.3500,66.9900,751100
2014-03-14,67.6400,68.0360,66.0700,66.1800,1150700
2014-03-13,69.2900,69.4100,66.0100,67.7400,1232900
2014-03-12,66.4400,68.9900,65.8000,68.8200,1223700
2014-03-11,67.1800,68.1760,66.2300,66.9400,1214700
2014-03-10,66.9400,67.2200,65.4100,66.9000,1529800
2014-03-07,69.2500,69.3200,66.2600,67.1400,1373800
2014-03-06,70.2500,70.4000,68.3250,68.5700,1450600
2014-03-05,70.7200,71.4600,69.4300,70.0300,1322600
2014-03-04,68.7800,71.3400,68.7400,70.8100,1780800
2014-03-03,66.7800,67.9800,65.5800,67.9500,1638200
2014-02-28,69.6900,70.2000,65.7800,68.0600,1804400
2014-02-27,68.9200,71.8000,68.9200,70.1200,2123100
2014-02-26,68.6300,70.4200,68.2000,68.6800,1377900
2014-02-25,69.0000,69.3000,67.8100,68.7600,886400
2014-02-24,68.8800,69.8500,68.5050,68.9000,930500
2014-02-21,67.4500,71.1000,67.2283,69.2800,2324200
2014-02-20,67.0000,67.3800,66.0400,67.0800,790300
2014-02-19,67.2800,67.4600,66.0200,66.7500,817700
2014-02-18,67.1000,67.8900,67.0000,67.5200,1267700
2014-02-14,67.5500,68.0000,66.6740,67.5300,972300
2014-02-13,65.3900,68.4800,65.1425,67.6500,1211600
2014-02-12,66.1800,66.8400,65.5100,66.1900,817200
2014-02-11,65.5000,66.5299,65.0400,66.1300,862000
2014-02-10,65.9600,66.0800,65.2100,65.8400,1524000
2014-02-07,62.0200,67.7100,62.0200,66.2900,2964300
2014-02-06,63.6800,63.9100,61.9900,62.6500,1540200
2014-02-05,64.3400,64.6900,61.8710,63.5300,1993500
2014-02-04,63.6100,64.6250,63.1400,64.1500,2261900
2014-02-03,63.0700,65.1900,61.4600,62.9600,2942100
2014-01-31,63.9900,64.6900,62.3100,63.4300,3252800
2014-01-30,68.4500,70.4800,65.2700,65.6100,6921500
2014-01-29,58.1900,58.2200,56.4400,57.6000,1998900
2014-01-28,58.2700,59.4900,57.9900,58.9600,1527500
2014-01-27,59.0600,59.1710,56.0700,58.0000,2477000
2014-01-24,62.5900,62.8200,58.0600,58.5600,1950900
2014-01-23,61.0900,62.4800,60.6500,62.4600,795600
2014-01-22,60.8000,61.6800,60.4900,61.4800,932300
2014-01-21,62.2400,62.7700,60.6500,60.8000,1688600
2014-01-17,61.6700,63.0400,61.5800,62.0500,1199000
2014-01-16,60.0000,62.2300,59.6900,61.8900,1532900
2014-01-15,58.0000,60.4900,58.0000,60.3100,1530500
2014-01-14,57.4500,58.0400,56.4500,57.6300,1432900
2014-01-13,59.6800,59.9800,56.7600,57.0900,1978700
2014-01-10,58.0200,59.5000,57.5100,59.3800,1290800
2014-01-09,58.9000,59.0800,57.4504,57.6600,1800100
2014-01-08,58.2600,59.0800,57.5500,57.8900,1544800
2014-01-07,56.0700,58.8500,56.0400,57.7800,2306200
2014-01-06,55.1000,56.4700,55.1000,55.7300,1143800
2014-01-03,54.6700,55.7000,54.3600,55.1800,668100
2014-01-02,55.5700,56.7100,55.1500,55.6900,917300
2013-12-31,55.3900,56.0400,55.3900,56.0100,422900
2013-12-30,55.5300,55.6700,55.2300,55.5100,748300
2013-12-27,55.2100,55.6300,55.0210,55.5000,606300
2013-12-26,54.9400,55.1300,54.5300,55.0700,449900
2013-12-24,54.8400,55.2200,54.4400,55.0500,435200
2013-12-23,54.7500,55.8400,54.6300,55.2400,1538100
2013-12-20,51.2300,54.2700,51.1100,54.2100,3200900
2013-12-19,50.8300,51.5500,50.1500,50.8400,1157500
2013-12-18,51.5300,51.8800,50.1600,51.0100,1104800
2013-12-17,51.1000,51.6100,50.7800,51.4300,1238300
2013-12-16,51.0200,51.9900,50.6200,51.3700,1842300
2013-12-13,49.4900,50.8400,49.2500,50.5300,1928600
2013-12-12,49.3500,49.5900,48.2200,49.0000,2265500
2013-12-11,50.9900,51.1800,49.3100,49.3500,1813900
2013-12-10,50.9000,51.3525,50.7400,50.8600,1300200
2013-12-09,52.9800,53.0000,51.2200,51.6300,1604900
2013-12-06,54.1400,54.2850,52.5300,52.7100,861400
2013-12-05,52.9600,54.0600,52.4900,53.4900,1093800
2013-12-04,51.5200,53.3200,51.5200,53.2000,1354000
2013-12-03,52.0600,52.5300,51.7200,51.9800,638300
2013-12-02,53.2000,53.2500,51.9000,52.3400,1120600
2013-11-29,53.9600,54.4400,52.4200,53.1100,589900
2013-11-27,54.4500,54.4600,53.4000,53.7600,740600
2013-11-26,53.2200,55.0600,52.6400,54.5000,7598300
2013-11-25,55.4900,55.5000,52.1700,52.6100,1833000
2013-11-22,53.2500,55.8200,52.8400,55.4200,2571300
2013-11-21,51.6400,52.8900,51.1400,52.8400,1227300
2013-11-20,51.8400,52.5200,50.5400,51.1500,1457000
2013-11-19,52.0100,52.7500,51.0800,51.8500,2327400
2013-11-18,53.2700,53.6800,51.4300,51.6600,1130100
2013-11-15,53.0500,53.4900,52.6300,53.1000,765800
2013-11-14,53.3700,53.8600,52.4100,52.6200,1126300
2013-11-13,52.0000,53.5700,51.5400,53.5400,1145000
2013-11-12,52.0000,52.8100,51.5000,52.3500,1389300
2013-11-11,51.8200,52.4900,51.7100,51.9600,1141200
2013-11-08,51.5300,52.9900,51.2000,51.8600,1963000
2013-11-07,54.1400,54.4200,51.5200,51.7900,3767000
2013-11-06,55.0300,55.3500,51.8000,53.7300,2555600
2013-11-05,54.1600,56.3550,53.9200,55.3600,1294700
2013-11-04,54.1400,54.4100,53.7100,54.1600,1058500
2013-11-01,54.2200,54.5100,53.0100,53.8100,1217900
2013-10-31,54.1700,54.9200,52.8200,54.6100,972200
2013-10-30,54.0300,55.1700,53.7048,54.1000,1058100
2013-10-29,54.8100,55.4900,53.9300,54.0500,1179400
2013-10-28,56.6000,56.9400,54.6800,54.8400,1120800
2013-10-25,57.5500,57.8000,56.0500,56.6900,2050900
2013-10-24,54.7500,58.4100,54.7500,58.3700,3032100
2013-10-23,54.0000,54.0000,52.5000,52.9600,1418300
2013-10-22,54.2200,54.5700,52.5900,54.0800,1281800
2013-10-21,52.6800,54.0400,52.6800,53.8800,1108700
2013-10-18,52.1500,52.3800,51.2400,51.8300,628700
2013-10-17,51.5700,52.0000,50.8800,51.7100,1325400
2013-10-16,50.1100,52.2950,50.0400,51.8500,1204900
2013-10-15,51.9200,51.9200,49.6800,49.6900,1080700
2013-10-14,51.1800,52.9000,50.7700,51.9000,716500
2013-10-11,51.6500,51.8900,50.8800,51.5900,726800
2013-10-10,49.0500,51.8200,48.7000,51.6000,1422400
2013-10-09,48.9200,49.0800,47.3701,48.0800,1583100
2013-10-08,53.0600,53.0600,47.6400,48.9100,4258200
2013-10-07,54.2600,55.4600,53.1350,53.2500,1235700
2013-10-04,53.0900,55.4600,52.8100,54.4300,1688800
2013-10-03,52.3900,52.9000,51.5600,52.1500,1512800
2013-10-02,51.3500,52.4200,51.2150,52.2700,1158200
2013-10-01,51.6000,51.8900,50.6100,51.4900,1288600
2013-09-30,52.1000,52.3400,51.1700,51.9500,1383100
2013-09-27,52.4400,53.0000,52.3600,52.5200,838400
2013-09-26,52.5800,52.7800,52.1300,52.3900,1147400
2013-09-25,52.6800,53.1100,52.1800,52.3500,1009900
2013-09-24,51.7200,53.1100,51.5700,52.5900,1064400
2013-09-23,52.0000,52.3900,51.5000,51.8200,1414400
2013-09-20,51.6300,52.2600,51.2600,52.2300,3875100
2013-09-19,51.4000,51.7500,51.0800,51.5700,990200
2013-09-18,50.6684,51.6500,50.4400,51.2200,2185500
2013-09-17,48.6200,49.4100,48.6200,49.3400,1454800
2013-09-16,48.9600,49.8500,48.2150,48.7500,1323600
2013-09-13,49.4400,49.5500,47.3400,48.7900,1667100
2013-09-12,50.0000,50.3500,49.4100,49.4500,1246400
2013-09-11,49.8600,50.2700,49.5500,49.8900,1185100
2013-09-10,49.3000,49.9700,49.1500,49.8800,927200
2013-09-09,47.0200,49.4700,46.6100,49.1400,1801500
2013-09-06,47.8100,48.0000,46.5200,46.9500,1980300
2013-09-05,47.2500,48.0900,46.8000,47.6000,1251100
2013-09-04,47.6000,47.6000,46.1200,47.2000,1213100
2013-09-03,47.1000,47.6400,46.4100,46.9000,1931300
2013-08-30,46.9000,47.0500,45.9800,46.8800,2180000
2013-08-29,45.9200,47.0300,45.9000,47.0000,766900
2013-08-28,46.4600,46.8300,45.8700,46.4300,1026800
2013-08-27,46.7200,46.7200,45.6100,46.0800,1728500
2013-08-26,45.8200,47.8300,45.5800,47.3500,2247500
2013-08-23,45.4500,46.2700,45.4500,45.7400,1787700
2013-08-22,45.1400,46.6000,45.0400,45.5600,1814800
2013-08-21,44.2000,46.0300,44.0200,45.4600,3527200
2013-08-20,43.6500,44.6100,43.5200,44.4800,894100
2013-08-19,44.3500,44.3800,43.6625,43.8800,1747400
2013-08-16,43.6900,44.6100,43.3200,44.4700,2291100
2013-08-15,42.9200,43.6100,42.6800,43.6100,1890900
2013-08-14,41.5900,43.5600,41.5300,43.5100,1712400
2013-08-13,42.1600,42.1600,41.3500,41.5900,690700
2013-08-12,41.9000,43.0000,41.7700,42.0600,964500
2013-08-09,42.6000,42.9600,42.1700,42.4900,1123300
2013-08-08,41.7100,42.8800,41.3300,42.6800,928900
2013-08-07,42.2400,42.3100,41.3500,41.6400,1371500
2013-08-06,43.5000,43.6800,41.9300,42.3000,2022400
2013-08-05,45.3600,45.3600,43.9100,44.0100,1146900
2013-08-02,45.6000,46.0000,45.1900,45.6200,3911600
2013-08-01,46.0900,47.4300,42.5700,46.4000,4926500
2013-07-31,43.2900,43.9100,43.1600,43.5800,1642900
2013-07-30,43.7500,43.9100,42.8900,43.2100,1061100
2013-07-29,44.1000,44.6200,43.6000,43.7500,133400
2013-07-26,45.0900,45.2900,44.0500,44.1400,711200
2013-07-25,44.4700,45.5700,44.4700,45.3800,807500
2013-07-24,43.9500,44.9400,43.9500,44.5400,1067800
2013-07-23,44.0000,44.0000,43.4100,43.5200,670800
2013-07-22,44.0000,44.0100,43.6200,43.8300,787100
2013-07-19,44.5500,44.5500,43.8400,43.8900,718200
2013-07-18,43.7300,45.0700,43.5300,44.8400,1358500
2013-07-17,44.3600,44.6200,43.7000,43.7300,1135300
2013-07-16,45.3100,45.3825,43.9100,43.9900,1888400
2013-07-15,45.4300,45.9200,44.9600,45.2600,959900
2013-07-12,44.8400,46.5350,44.8200,45.4600,3341100
2013-07-11,44.0150,44.8100,43.9000,44.4300,1839600
2013-07-10,42.9800,44.0000,42.8900,43.4700,948100
2013-07-09,43.0500,43.4500,42.1800,43.2900,1120300
2013-07-08,43.1400,44.0000,42.7900,42.8700,1540300
2013-07-05,41.7700,43.3400,41.6800,43.3100,1393900
2013-07-03,40.9300,41.8200,40.9300,41.7400,1015100
2013-07-02,40.7900,41.2850,40.5300,41.2100,1036500
2013-07-01,40.2100,41.4000,39.8250,40.7900,1504500
2013-06-28,40.8600,41.3500,40.2100,40.3900,4739000
2013-06-27,41.0000,41.4000,40.1900,40.9300,2101700
2013-06-26,40.0000,41.0000,39.8200,40.8900,1638300
2013-06-25,39.7500,40.0100,39.0400,39.6000,905800
2013-06-24,38.9200,40.0200,38.1200,39.4300,1700600
2013-06-21,38.8600,39.2800,37.6100,39.2400,1677000
2013-06-20,38.3105,38.5200,37.7800,38.3300,1137100
2013-06-19,37.7800,39.6100,37.7800,38.6900,1614900
2013-06-18,38.3700,38.4400,37.2300,37.6700,1359900
2013-06-17,37.7600,38.1800,37.4600,38.0400,812900
2013-06-14,37.9200,38.3000,37.2400,37.2500,645800
2013-06-13,38.3300,38.3300,35.9000,37.9300,2042700
2013-06-12,40.3400,40.4900,38.2300,38.3700,2877500
2013-06-11,39.4400,40.2400,38.9001,39.9500,2812200
2013-06-10,39.3400,39.7600,38.9500,39.6500,1532100
2013-06-07,37.0000,39.2300,36.6100,39.1600,1598600
2013-06-06,35.7900,36.7500,35.5800,36.7400,645800
2013-06-05,35.9900,36.1050,35.6200,35.9100,783900
2013-06-04,36.8900,37.3100,35.8900,36.0900,973200
2013-06-03,36.5400,36.7700,35.9100,36.7500,1744600
2013-05-31,36.4000,37.1700,36.1500,36.7600,1115900
2013-05-30,36.8400,37.6700,36.6100,36.7700,1360400
2013-05-29,36.7900,37.0700,35.2100,36.7200,2483300
2013-05-28,38.5700,38.8800,37.2505,37.3100,624400
2013-05-24,37.6600,37.8600,37.0500,37.8100,671400
2013-05-23,37.7200,38.2400,36.5000,37.6500,1123600
2013-05-22,40.0600,40.9800,38.1000,38.4200,1375600
2013-05-21,40.1300,40.3900,39.2600,40.0400,1206000
2013-05-20,40.4800,41.0000,39.9600,40.3100,1829000
2013-05-17,39.7500,40.4800,39.4400,40.3900,1419200
2013-05-16,40.6000,41.0800,39.6500,39.9000,1867500
2013-05-15,40.0800,40.9800,40.0300,40.5300,2086900
2013-05-14,39.4500,40.3400,39.4300,40.2400,2498300
2013-05-13,39.2200,40.1400,39.0500,39.4700,1557800
2013-05-10,38.5400,40.2200,38.3100,38.9900,2527300
2013-05-09,39.2600,39.6000,38.5200,38.8500,1895100
2013-05-08,39.6200,40.2499,39.2900,39.5800,1440400
2013-05-07,40.5800,40.5800,39.0100,39.5200,1846400
2013-05-06,41.0000,41.0000,39.9500,40.4000,723400
2013-05-03,39.7300,41.0000,38.6900,40.9500,1527200
2013-05-02,39.7100,40.1700,38.7000,39.1400,1312000
2013-05-01,40.7500,40.7700,38.6499,38.8000,2944600
2013-04-30,41.9600,41.9700,40.2700,40.9600,1779900
2013-04-29,42.4000,43.0100,42.0700,42.0900,1030100
2013-04-26,43.1000,43.3000,41.8500,42.5100,2807700
2013-04-25,40.4600,43.9900,39.7600,43.3900,6029700
2013-04-24,37.5100,38.2100,37.4200,37.6200,1159800
2013-04-23,37.0000,38.3800,36.8500,37.3300,1934600
2013-04-22,36.2700,36.8700,35.9900,36.6700,903100
2013-04-19,36.3100,37.8500,36.1100,36.2900,1629200
2013-04-18,35.8100,36.5100,35.4600,36.0700,1248100
2013-04-17,35.8300,36.0900,34.9800,35.6300,693600
2013-04-16,35.0400,36.9400,34.9500,36.3500,1439100
2013-04-15,34.9800,35.5400,34.6400,34.9400,740400
2013-04-12,35.0500,35.5700,34.7600,35.1900,1170700
2013-04-11,35.6700,35.8000,34.8600,34.9900,866900
2013-04-10,35.6900,35.9700,35.2500,35.8500,764900
2013-04-09,35.5100,36.1300,35.2900,35.7600,600600
2013-04-08,35.2400,35.5900,35.0700,35.5500,716200
2013-04-05,34.2800,35.2000,34.2800,35.1700,543800
2013-04-04,34.4500,35.1400,34.1500,35.0500,721100
2013-04-03,35.6400,35.8100,33.9500,34.5300,1100600
2013-04-02,36.0400,36.0600,35.3200,35.7100,839700
2013-04-01,36.2000,36.4950,34.7800,35.2300,1391400
2013-03-28,36.7400,37.2400,35.9200,36.2000,744100
2013-03-27,36.1200,36.6900,35.9300,36.2100,608500
2013-03-26,36.3500,36.3850,35.6800,36.1400,583500
2013-03-25,36.3800,36.5100,35.7400,36.0500,473000
2013-03-22,36.3100,36.4900,35.8300,36.2700,723200
2013-03-21,34.6000,36.1700,34.4400,36.0000,1497800
2013-03-20,35.3600,35.4400,34.4400,34.7600,877900
2013-03-19,35.7700,36.0300,34.3900,34.4600,1187400
2013-03-18,36.6400,36.6400,35.4000,35.6300,1539400
2013-03-15,37.5800,37.7500,37.0900,37.1000,1551700
2013-03-14,37.8300,37.8660,36.5700,37.4500,1129600
2013-03-13,37.8800,38.1800,37.0100,37.6100,996700
2013-03-12,37.0000,38.2200,37.0000,37.8300,1856700
2013-03-11,36.9100,37.1400,35.7200,37.0000,1185100
2013-03-08,36.9500,36.9500,36.3300,36.6600,610800
2013-03-07,36.8200,37.0000,36.4500,36.7700,572200
2013-03-06,36.4100,37.4700,35.7200,36.9500,2400700
2013-03-05,33.6500,36.8200,33.3300,36.5700,3713600
2013-03-04,32.4900,33.7800,32.4800,33.6800,1298700
2013-03-01,32.0600,33.0100,31.6900,32.7900,1562300
2013-02-28,32.1400,32.5500,31.7800,32.4700,937500
2013-02-27,31.5900,33.6300,31.2600,32.2000,1950400
2013-02-26,31.8800,32.1100,30.8900,31.2500,2125500
2013-02-25,33.4800,33.7500,32.0000,32.1700,1357600
2013-02-22,31.4500,33.8600,31.1100,33.4800,2128800
2013-02-21,32.1300,32.9000,31.1400,31.5400,2572500
2013-02-20,33.4000,33.9200,32.8400,32.9600,1476000
2013-02-19,33.6600,34.3300,32.8600,33.4600,3227700
2013-02-15,33.0000,34.1200,32.3410,33.8600,3513300
2013-02-14,30.6300,33.2100,30.4000,32.8800,5687800
2013-02-13,29.5900,29.8900,28.7000,29.7800,2704200
2013-02-12,29.5000,29.7500,29.0400,29.2500,679300
2013-02-11,29.7500,29.7500,29.1500,29.5500,721400
2013-02-08,29.3500,29.8300,29.2400,29.8300,1021300
2013-02-07,29.4200,29.4500,28.5810,29.4200,1066000
2013-02-06,29.3600,29.7850,29.3600,29.7200,757400
2013-02-05,28.9000,29.9200,28.6100,29.7800,1909700
2013-02-04,28.0000,29.1500,27.7000,28.9600,1650300
2013-02-01,26.3300,28.8400,25.7100,28.0700,8243400
2013-01-31,27.7500,30.5000,27.6500,27.7200,3539400
2013-01-30,30.0700,30.5000,28.5700,28.9700,2502000
2013-01-29,31.2200,31.2300,29.9000,30.2000,1111000
2013-01-28,30.8800,31.4700,30.7200,31.2500,944900
2013-01-25,29.5400,31.5000,29.3850,31.1000,1529400
2013-01-24,27.6400,29.5900,27.0000,29.5200,1730100
2013-01-23,27.5600,28.0100,27.4500,27.9300,601600
2013-01-22,27.1600,27.7200,26.8300,27.6200,905700
2013-01-18,27.5300,27.7500,27.1600,27.4000,392000
2013-01-17,27.4200,27.7800,27.2500,27.6000,953100
2013-01-16,27.2300,27.4800,26.8500,27.3400,798000
2013-01-15,26.0400,27.4800,25.5900,27.2200,1239100
2013-01-14,27.2200,27.2800,25.9400,26.0700,1047100
2013-01-11,26.6000,27.5000,26.4601,27.4600,1133800
2013-01-10,26.4500,26.6200,26.1500,26.4600,691200
2013-01-09,26.3500,26.6700,25.5400,26.3700,1430400
2013-01-08,27.3600,27.6100,25.6110,26.2000,2826800
2013-01-07,28.5400,29.1000,27.0210,27.3600,2517000
2013-01-04,29.8000,29.8400,28.9600,29.0200,1034400
2013-01-03,30.1000,30.4000,29.4100,29.6900,863100
2013-01-02,30.7500,30.7500,29.1800,30.2000,1525500
2012-12-31,28.9400,30.2500,28.9000,30.0300,1247300
2012-12-28,29.1600,29.4800,28.9000,29.0500,1107000
2012-12-27,29.4900,29.9900,29.2500,29.5200,1234900
2012-12-26,30.8400,30.9400,29.3900,29.9500,3430400
2012-12-24,32.2400,32.5690,30.9000,31.6600,675400
2012-12-21,32.4800,32.7400,32.2300,32.4900,622600
2012-12-20,32.2800,32.8500,32.2500,32.8300,343900
2012-12-19,32.8500,32.8500,31.9600,32.4300,439400
2012-12-18,31.0100,33.0000,31.0100,32.6300,834000
2012-12-17,30.5000,31.1300,30.0000,31.1000,382800
2012-12-14,30.2900,30.9400,30.0200,30.5400,374000
2012-12-13,30.3500,30.9600,29.8200,30.3300,410300
2012-12-12,30.0300,31.2800,29.4100,30.6300,834600
2012-12-11,29.6600,30.2400,29.3800,29.8300,471900
2012-12-10,29.4200,29.7500,29.2500,29.4500,191000
2012-12-07,29.5000,29.6190,28.8700,29.3000,373900
2012-12-06,29.3900,29.6500,29.0900,29.4700,651500
2012-12-05,30.4900,30.4900,28.5200,29.4100,1314800
2012-12-04,31.9800,32.3900,29.7450,30.1900,1279000
2012-12-03,31.3800,32.6500,31.1600,32.0400,1012200
2012-11-30,32.2300,33.0200,31.0800,32.6300,2460400
2012-11-29,31.5500,32.8200,31.1100,32.3000,715800
2012-11-28,30.5200,31.3800,29.9800,31.2100,446200
2012-11-27,30.5300,30.8000,29.2000,30.3000,1097400
2012-11-26,28.6100,30.8600,28.6100,30.5000,790800
2012-11-23,31.1800,31.2000,30.5100,30.7700,186700
2012-11-21,31.0300,32.1700,29.8800,31.1800,1658500
2012-11-20,30.9300,33.7500,30.7100,31.6700,981200
2012-11-19,30.5200,31.4400,28.8200,31.0600,1238600
2012-11-16,33.4300,34.5000,29.4500,30.3500,1798600
2012-11-15,28.3400,31.9800,28.2800,31.7900,7050800
2012-11-14,30.3900,30.6000,28.1500,28.7100,502900
2012-11-13,30.4900,30.4900,28.3830,29.4800,551000
2012-11-12,30.0000,30.9920,29.5200,29.6600,537300
2012-11-09,30.9100,31.5500,29.7140,30.0700,410200
2012-11-08,30.8700,31.5900,30.6800,30.9000,288000
2012-11-07,32.5300,32.7300,31.0000,31.2500,532700
2012-11-06,32.4100,33.5300,32.1800,32.9500,462300
2012-11-05,32.1500,32.5800,31.1625,32.2800,345100
2012-11-02,31.2300,32.7300,30.6120,32.1400,450200
2012-11-01,31.3300,31.6400,29.5510,31.0400,788600
2012-10-31,32.1100,32.7400,30.1200,30.6500,568900
2012-10-26,31.6800,32.9800,31.3900,31.8900,601700
2012-10-25,35.6500,37.5900,30.7110,31.3900,1953900
2012-10-24,34.5600,35.7700,34.0400,35.6500,604600
2012-10-23,33.3200,34.8600,32.6100,34.5600,440100
2012-10-22,34.4500,34.5000,32.5400,33.4400,721200
2012-10-19,34.8000,35.4800,33.9000,34.3500,534600
2012-10-18,34.7700,34.8800,34.5000,34.7900,261500
2012-10-17,34.3300,35.4600,34.0200,34.7700,684500
2012-10-16,34.6400,34.6400,33.7000,34.3100,503300
2012-10-15,32.8800,34.9100,32.8000,34.5100,754800
2012-10-12,34.8300,34.8300,32.8900,33.3200,597700
2012-10-11,35.0100,35.2900,34.3600,34.5000,267300
2012-10-10,36.0600,36.0600,34.6200,34.7800,446000
2012-10-09,36.6100,36.8000,35.7800,36.0000,505300
2012-10-08,36.6000,36.6600,35.9700,36.5300,251400
2012-10-05,37.2000,37.4500,36.5000,37.0000,449500
2012-10-04,36.7000,37.1966,36.7000,37.1500,145700
2012-10-03,36.5300,37.6800,36.5200,37.0300,283100
2012-10-02,36.0700,36.7500,35.5900,36.5000,586700
2012-10-01,37.9800,38.1430,34.6200,36.4800,903900
2012-09-28,39.9900,39.9900,36.1600,38.6800,1582500
2012-09-27,38.4000,40.3300,38.4000,40.0400,478800
2012-09-26,39.8500,39.8500,36.7700,38.0800,853900
2012-09-25,40.9000,41.7700,39.6100,39.9900,605400
2012-09-24,39.9000,40.7000,38.5800,40.3700,378700
2012-09-21,38.4800,39.8300,38.1000,39.6300,353400
2012-09-20,38.5000,38.6300,37.1800,38.0000,739400
2012-09-19,36.8800,38.7300,36.8400,38.6500,406300
2012-09-18,38.6500,38.6500,36.3800,36.8000,678000
2012-09-17,39.0000,39.7700,38.0300,38.1900,812300
2012-09-14,37.8800,39.3300,37.7150,39.0600,724100
2012-09-13,35.1300,38.3200,34.7100,37.5100,460400
2012-09-12,33.5400,35.4366,33.2600,35.0500,350500
2012-09-11,34.8000,35.1700,32.8400,33.0100,288500
2012-09-10,37.0000,37.0000,34.2400,34.3900,457300
2012-09-07,36.5000,37.3100,35.6200,36.5500,411000
2012-09-06,34.2000,36.0800,34.1100,36.0600,396200
2012-09-05,33.6600,34.3300,33.0100,34.1900,331700
2012-09-04,31.1100,33.8400,31.1084,33.6700,332800
2012-08-31,30.2400,31.5000,29.9200,31.1000,286000
2012-08-30,29.2400,31.0000,29.0300,29.7800,186500
2012-08-29,29.3900,29.7900,29.2500,29.4900,116600
2012-08-28,29.2700,29.7000,29.0503,29.3200,152500
2012-08-27,29.7000,31.3100,29.1300,29.2700,260000
2012-08-24,28.7900,29.9400,28.7900,29.7000,145600
2012-08-23,29.9300,30.6700,28.8100,29.0300,292200
2012-08-22,30.2700,30.5199,29.8280,29.8500,617800
2012-08-21,30.1900,30.6100,29.9500,30.2600,196700
2012-08-20,29.5500,29.9500,29.5500,29.8900,277700
2012-08-17,30.0000,30.0400,29.4400,29.6000,389300
2012-08-16,30.0600,30.5700,29.6000,29.7500,300500
2012-08-15,32.1100,32.1100,29.4700,29.6800,467800
2012-08-14,32.6500,33.9600,32.2000,32.2800,552400
2012-08-13,32.0300,32.5500,31.7200,32.4300,214900
2012-08-10,29.3700,32.0000,29.3700,31.6500,220000
2012-08-09,27.4800,30.0200,27.3000,29.5100,135500
2012-08-08,27.9100,27.9100,27.0100,27.5700,296700
2012-08-07,28.3000,28.7500,27.7900,28.0000,198000
2012-08-06,29.0000,29.1600,27.2300,28.0200,583800
2012-08-03,29.4300,31.4300,28.5800,28.6700,431000
2012-08-02,27.5000,29.3000,27.0000,29.0800,556900
2012-08-01,27.3200,27.9797,26.7600,27.7100,111900
2012-07-31,25.4400,27.5600,25.4100,27.0000,284000
2012-07-30,25.2500,25.4500,25.0500,25.3900,84300
2012-07-27,24.4800,25.4400,24.3203,25.3300,100100
2012-07-26,24.9300,25.3499,24.0000,24.4200,158000
2012-07-25,25.0600,25.4700,24.8400,24.9300,110800
2012-07-24,24.8300,25.9600,24.6000,24.8400,291500
2012-07-23,25.0100,25.0100,23.9100,24.3500,603400
2012-07-20,24.0400,25.2300,23.9000,25.2300,260900
2012-07-19,24.6700,24.6700,23.9000,24.0000,254500
2012-07-18,24.4300,24.6900,24.0000,24.2300,103800
2012-07-17,24.4800,24.4800,23.9300,24.2700,227500
2012-07-16,24.0800,24.5600,23.8000,24.3800,118100
2012-07-13,24.6900,24.9200,23.9800,24.1800,89100
2012-07-12,23.3000,24.4700,22.6200,24.0800,325500
2012-07-11,25.0200,25.3500,23.4900,23.7360,296500
2012-07-10,25.2200,25.6940,25.0500,25.0500,304000
2012-07-09,25.9600,26.3000,25.1800,25.2700,152400
2012-07-06,25.7500,26.1200,25.1000,25.8400,355100
2012-07-05,25.5000,26.2600,25.1400,25.9600,541000
2012-07-03,24.8500,25.3200,24.6000,25.3100,401100
2012-07-02,24.7500,25.2000,24.1000,24.7700,656700
2012-06-29,23.7500,24.7500,22.8300,24.6000,10922400
