timestamp,open,high,low,close,volume
2018-02-09,116.2900,116.5500,114.7700,115.7800,4053366
2018-02-08,118.2500,118.7500,115.7600,115.9400,5688021
2018-02-07,118.1500,118.3000,116.2400,116.4100,3993831
2018-02-06,117.1000,118.7700,117.0000,118.1500,4432273
2018-02-05,119.5400,120.3200,117.8600,118.1900,5072536
2018-02-02,121.1200,121.2900,120.5000,120.6200,2626774
2018-02-01,120.8500,121.5000,120.6300,121.3000,3660635
2018-01-31,120.5500,120.7000,119.8902,120.3200,2942128
2018-01-30,120.0100,120.4100,119.9000,120.2100,2079902
2018-01-29,120.0700,120.6500,119.5100,120.5500,1377289
2018-01-26,120.5000,120.9900,120.2100,120.3400,2357049
2018-01-25,121.2400,121.2400,120.2000,120.2000,1526690
2018-01-24,120.7500,121.1200,120.2500,120.4600,1470549
2018-01-23,121.3700,121.4600,120.8500,120.8500,2000448
2018-01-22,120.7000,121.2500,120.5500,121.0800,2026468
2018-01-19,120.1100,120.6700,120.0002,120.4500,4838016
2018-01-18,119.4000,120.2000,119.4000,120.0000,3981607
2018-01-17,119.3400,119.4700,118.7950,119.3400,4178113
2018-01-16,119.5200,119.9000,119.4000,119.4000,2517420
2018-01-12,119.2900,119.7000,118.9900,119.5800,2027268
2018-01-11,119.1500,119.4800,118.7500,119.2500,2576823
2018-01-10,118.3700,119.2700,118.0700,119.1500,1868472
2018-01-09,118.3000,118.8300,118.2600,118.4500,1408576
2018-01-08,118.6500,118.6500,117.9500,118.2800,1258049
2018-01-05,118.0900,118.3099,117.9100,118.0500,1631750
2018-01-04,118.0900,118.3250,117.6600,117.8700,2153538
2018-01-03,118.0000,118.5300,117.6800,118.0800,2873244
2018-01-02,117.0000,117.9800,116.8000,117.9500,1784326
2017-12-29,116.9300,117.4000,116.9100,117.0900,1578114
2017-12-28,116.6300,117.1200,116.5535,116.9800,812434
2017-12-27,116.7000,116.8700,116.4700,116.6900,9765545
2017-12-26,116.6100,116.8400,116.4900,116.5700,736564
2017-12-22,116.7200,117.3800,116.6100,116.7000,1442464
2017-12-21,116.7300,116.9100,116.6000,116.7000,1012332
2017-12-20,116.5600,116.8900,116.3990,116.7400,1450447
2017-12-19,116.6300,117.0000,116.3000,116.4500,1348017
2017-12-18,116.2200,116.9200,116.0700,116.7900,1332441
2017-12-15,115.8500,116.3500,115.4700,116.3500,1989853
2017-12-14,115.9600,116.1000,115.6250,115.8800,4909959
2017-12-13,115.6500,116.1000,115.6100,116.0600,1560704
2017-12-12,116.1100,116.3200,115.5001,115.6400,1345847
2017-12-11,116.4000,116.6000,115.6300,115.8400,2542626
2017-12-08,115.1500,115.8500,115.1300,115.2900,2112288
2017-12-07,114.5000,115.2800,114.2500,115.1300,2100722
2017-12-06,114.1400,115.0000,113.4000,114.3300,2388263
2017-12-05,113.7000,114.2900,113.5300,113.7500,3482856
2017-12-04,115.0000,115.0500,113.7500,113.8700,2772561
2017-12-01,114.0100,115.0000,113.9259,114.7800,4934907
2017-11-30,113.3000,114.1800,112.9500,113.3900,3727226
2017-11-29,113.8500,114.1737,112.5000,113.0000,6117112
2017-11-28,114.6500,114.8500,113.7800,113.7900,3851488
2017-11-27,114.5000,115.0800,114.4400,114.5300,2369347
2017-11-24,114.8100,115.2000,114.5400,114.6500,1942509
2017-11-22,115.3200,115.8600,115.0700,115.1500,1434527
2017-11-21,115.2200,115.6100,115.1500,115.3200,1881085
2017-11-20,115.5100,115.9100,115.1400,115.1800,1414785
2017-11-17,115.3800,115.7000,115.2000,115.5000,2030576
2017-11-16,115.2000,115.8800,115.0500,115.1900,3501076
2017-11-15,115.4200,115.4300,114.7200,115.0000,2823862
2017-11-14,115.6000,115.9500,115.0200,115.5000,3542490
2017-11-13,116.1200,116.2000,115.5300,115.6500,2473204
2017-11-10,115.2600,116.2500,115.0400,116.0500,2392787
2017-11-09,116.1200,116.6000,114.9900,115.3100,3342909
2017-11-08,116.7000,117.5600,116.2500,116.3400,5526264
2017-11-07,116.3200,116.9800,116.0000,116.6600,3361573
2017-11-06,115.0200,116.8800,115.0200,116.7200,8836894
2017-11-03,117.4500,118.2000,111.3700,115.0200,25791196
2017-11-02,117.0300,117.7300,116.5700,117.4600,3186021
2017-11-01,117.0500,117.7300,116.8900,117.3000,2902891
2017-10-31,116.7000,117.0700,116.5000,117.0500,2188138
2017-10-30,116.4300,116.9700,116.2800,116.7300,2878185
2017-10-27,116.8700,117.3000,116.8200,116.9300,3129297
2017-10-26,117.6600,118.0000,116.6100,116.6200,4339209
2017-10-25,116.5900,116.7900,116.2400,116.4900,1903043
2017-10-24,116.5000,117.0000,116.4000,116.7900,1652775
2017-10-23,115.7100,116.4400,115.7100,116.4000,1818367
2017-10-20,115.7000,115.9400,115.4000,115.8800,3369031
2017-10-19,115.1500,115.4900,115.0100,115.4900,1196496
2017-10-18,115.0300,115.5100,115.0300,115.3600,2151349
2017-10-17,114.9700,115.2000,114.9200,115.1500,1402530
2017-10-16,115.5100,115.5200,114.7600,114.9400,1369506
2017-10-13,115.6800,115.6800,115.0400,115.1700,1309281
2017-10-12,115.1500,115.3500,114.8000,115.1800,1273664
2017-10-11,114.9400,115.6100,114.8300,115.4600,2268671
2017-10-10,114.6500,115.1700,114.4600,115.0000,2833288
2017-10-09,114.1000,114.6700,113.9900,114.5200,1834619
2017-10-06,114.0000,114.4200,113.9000,113.9500,2858896
2017-10-05,113.7500,113.8300,113.5600,113.6800,913561
2017-10-04,113.3000,113.8000,113.1000,113.7100,1681891
2017-10-03,113.2200,113.4300,113.0100,113.3600,1228678
2017-10-02,113.1500,113.3900,112.8500,113.1200,2505592
2017-09-29,112.9600,113.4000,112.8300,113.0900,1806251
2017-09-28,112.7000,113.0700,112.6100,112.8700,1592194
2017-09-27,112.4000,112.8900,112.4000,112.7300,1184766
2017-09-26,112.4000,112.6000,112.3100,112.3700,1232452
2017-09-25,112.5500,112.6300,112.3600,112.4200,2387530
2017-09-22,112.5500,112.7700,112.4900,112.6400,733875
2017-09-21,112.4900,112.8500,112.3400,112.7200,1369549
2017-09-20,112.8500,112.9500,112.5000,112.5500,1244072
2017-09-19,112.9100,113.0500,112.8300,112.9200,935464
2017-09-18,112.8600,113.2300,112.8000,112.9900,1648062
2017-09-15,112.5000,112.8400,112.4300,112.7500,1734614
2017-09-14,112.4600,112.7500,112.3200,112.4000,1773984
2017-09-13,112.7100,112.8100,112.6000,112.6300,1102974
2017-09-12,112.6600,112.8100,112.6400,112.7800,1041063
2017-09-11,112.5000,112.7000,112.2600,112.5500,630930
2017-09-08,112.4000,112.4800,112.1600,112.3000,639999
2017-09-07,112.2300,112.7500,112.1400,112.6600,933768
2017-09-06,112.5700,112.5700,111.7500,112.1600,2330529
2017-09-05,112.5600,112.8500,112.2900,112.4200,1526978
2017-09-01,112.8000,113.1900,112.8000,112.9000,1229832
2017-08-31,112.4300,113.0600,112.3700,112.9600,2329303
2017-08-30,112.3100,112.5800,112.2900,112.4000,981061
2017-08-29,112.2500,112.6000,112.2200,112.3100,1193917
2017-08-28,112.1600,112.7400,112.0000,112.5700,1287694
2017-08-25,112.1000,112.3500,111.9000,112.2300,1086110
2017-08-24,112.3800,112.4800,111.9400,112.0100,1174441
2017-08-23,112.5100,112.5100,112.3000,112.3000,892547
2017-08-22,112.4500,112.7400,112.3400,112.3500,514816
2017-08-21,112.5900,112.6800,112.1800,112.3500,888542
2017-08-18,112.7000,112.7000,112.3900,112.4500,705023
2017-08-17,112.7900,112.8500,112.3400,112.4700,1318242
2017-08-16,112.8100,112.8500,112.5500,112.7900,498470
2017-08-15,112.6500,112.8300,112.5100,112.8300,838225
2017-08-14,112.5000,112.8000,112.3300,112.5200,1024608
2017-08-11,111.5700,112.2800,111.5700,112.2000,2038093
2017-08-10,112.8500,112.8500,112.0800,112.1200,2215223
2017-08-09,112.6000,113.1000,112.5700,113.0900,1113577
2017-08-08,113.0200,113.3900,112.8200,112.9800,1576975
2017-08-07,112.6500,113.2000,112.4200,112.9600,2353318
2017-08-04,112.0200,112.7900,111.7500,112.4200,5618270
2017-08-03,110.5200,111.0600,110.4300,110.6600,1908358
2017-08-02,111.0800,111.2200,110.8500,110.8800,3407388
2017-08-01,110.3000,111.2000,110.2000,111.1000,3760728
2017-07-31,110.2500,110.3900,110.0800,110.3300,2535134
2017-07-28,110.1200,110.4000,110.0500,110.2200,2041734
2017-07-27,109.8500,110.4300,109.8400,110.3400,2846855
2017-07-26,109.7500,109.9500,109.7500,109.9300,2711531
2017-07-25,109.5600,109.9300,109.5500,109.7100,2426004
2017-07-24,109.8300,109.8400,109.5500,109.5500,1583803
2017-07-21,109.6000,109.8900,109.5500,109.8600,1321205
2017-07-20,109.5000,109.8100,109.4100,109.7100,1497754
2017-07-19,109.4500,109.6500,109.4100,109.6000,1302266
2017-07-18,109.4500,109.6400,109.3700,109.4600,1521680
2017-07-17,109.4000,109.6200,109.3700,109.4500,2083208
2017-07-14,109.2000,109.4800,109.1600,109.4000,1781973
2017-07-13,109.1500,109.5000,109.0800,109.2100,2247254
2017-07-12,109.2000,109.3700,109.0600,109.1700,2861416
2017-07-11,109.2500,109.2500,109.0000,109.2500,1803828
2017-07-10,109.0500,109.4600,109.0500,109.3200,1429255
2017-07-07,109.2700,109.3800,109.0000,109.1100,3532524
2017-07-06,109.1100,109.3000,109.0500,109.2600,1708567
2017-07-05,109.2700,109.3700,109.0400,109.2000,2315608
2017-07-03,109.5000,109.5000,109.1000,109.2700,1170829
2017-06-30,109.3300,109.5100,109.1400,109.4500,2853904
2017-06-29,109.7700,109.8000,109.0300,109.4000,4944942
2017-06-28,109.8800,109.9500,109.5700,109.9000,2211409
2017-06-27,109.6700,109.7900,109.4200,109.5200,4010401
2017-06-26,109.7500,109.9200,109.4500,109.7300,2438030
2017-06-23,109.5000,109.9800,109.4700,109.9800,23837010
2017-06-22,109.1500,109.5000,108.9900,109.5000,3156790
2017-06-21,109.0200,109.2200,108.8800,109.1700,2796616
2017-06-20,109.0500,109.8600,108.9700,109.0000,3010801
2017-06-19,109.0000,109.2900,108.9000,109.1500,1809030
2017-06-16,109.0000,109.4000,108.8500,109.0900,2075727
2017-06-15,108.7800,109.1100,108.7500,109.0000,1315681
2017-06-14,108.9600,109.4200,108.6500,109.2700,2478030
2017-06-13,108.4500,109.1100,108.3200,109.1100,1959082
2017-06-12,108.9100,108.9100,108.0000,108.2200,2889858
2017-06-09,109.2300,109.5000,108.1700,108.5800,4308663
2017-06-08,109.0700,109.4000,108.9200,109.2300,2064827
2017-06-07,108.8500,109.3200,108.8100,109.2100,2903193
2017-06-06,109.2200,109.3500,108.8500,108.8500,2724684
2017-06-05,109.0000,109.3200,109.0000,109.2200,2537372
2017-06-02,109.2000,109.3500,108.8600,109.1500,3789013
2017-06-01,109.6500,109.7100,109.0000,109.3200,7466143
2017-05-31,109.0500,109.9000,108.9800,109.9000,12507064
2017-05-30,107.9100,108.2100,107.9100,108.1400,2111928
2017-05-26,107.8900,108.2400,107.8900,108.0000,2620593
2017-05-25,108.0000,108.1500,107.8000,107.9500,3058752
2017-05-24,108.1100,108.2900,107.8500,108.0000,3686014
2017-05-23,107.9600,108.2000,107.9600,108.0900,2996502
2017-05-22,107.8700,108.2400,107.7500,108.1700,3259410
2017-05-19,107.4500,107.8300,107.4500,107.7500,2773353
2017-05-18,107.2800,107.5000,107.1400,107.2700,3252767
2017-05-17,107.2600,107.8300,107.2500,107.3900,5324608
2017-05-16,106.9700,107.7600,106.9300,107.7000,6256903
2017-05-15,106.7800,107.2000,106.6700,107.0400,1854824
2017-05-12,106.7700,106.9100,106.5000,106.8700,4860600
2017-05-11,106.5500,106.9400,106.4000,106.8600,2924400
2017-05-10,106.7200,106.8900,106.5800,106.6800,3243000
2017-05-09,106.6600,107.0200,106.6500,106.7700,2151900
2017-05-08,106.5300,106.9700,106.4500,106.9000,2710900
2017-05-05,106.5700,106.9600,106.3800,106.5800,2512700
2017-05-04,105.7600,106.9700,105.7300,106.7800,4464400
2017-05-03,106.0000,106.1000,105.6000,105.7900,1199200
2017-05-02,106.0000,106.1900,105.6700,105.7600,2297800
2017-05-01,105.9000,106.1600,105.6000,105.9600,1946800
2017-04-28,105.4000,105.8000,105.3000,105.7500,2050000
2017-04-27,105.5000,105.5800,105.3000,105.4500,1981000
2017-04-26,105.1100,105.6000,105.1100,105.4700,2824800
2017-04-25,104.8600,105.2800,104.8000,105.2100,2253100
2017-04-24,104.5000,104.9100,104.4100,104.7700,1644800
2017-04-21,104.4500,104.4500,104.1100,104.3600,1813200
2017-04-20,104.4500,104.5100,103.9000,104.4300,2904200
2017-04-19,103.5000,104.4200,103.3900,104.2300,3463200
2017-04-18,103.2000,103.5900,103.1600,103.3100,1495300
2017-04-17,103.5000,103.6900,103.1700,103.1700,1998900
2017-04-13,103.7000,103.9000,103.1900,103.2300,2697600
2017-04-12,103.9200,103.9900,103.6600,103.6900,3112300
2017-04-11,104.0500,104.4400,103.8700,103.9700,2272100
2017-04-10,104.5000,104.6800,104.1700,104.1700,2051200
2017-04-07,104.5000,104.8000,104.4500,104.5500,4128600
2017-04-06,104.9500,105.0000,104.3400,104.4000,3719200
2017-04-05,105.4800,105.4800,104.6100,104.8000,3961200
2017-04-04,104.7500,105.2600,104.3500,105.0500,7687200
2017-04-03,103.6800,104.4200,103.5000,104.2700,2955100
2017-03-31,103.9400,104.0000,103.3800,103.5000,3326800
2017-03-30,103.3300,104.2900,103.1400,103.7500,1697000
2017-03-29,103.1600,103.6700,103.1500,103.6200,1622900
2017-03-28,103.0700,103.5300,102.9700,103.1800,1246300
2017-03-27,102.9200,103.3600,102.7000,103.2200,1182200
2017-03-24,102.8100,103.1600,102.6000,102.9900,2153500
2017-03-23,102.7400,102.9800,102.6200,102.7000,1720600
2017-03-22,102.8300,102.9900,102.6000,102.7300,2040700
2017-03-21,103.2000,103.5100,102.6500,102.9400,3273500
2017-03-20,103.2500,103.5000,103.1600,103.3300,1158100
2017-03-17,103.2000,103.3800,102.9100,103.2700,3096600
2017-03-16,103.8800,103.9700,103.2800,103.4000,3891400
2017-03-15,103.8000,103.9700,103.7200,103.7500,2702000
2017-03-14,103.9000,103.9800,103.7100,103.8000,1669500
2017-03-13,104.1000,104.4500,103.8000,103.9900,3592500
2017-03-10,104.1000,104.2300,103.9000,104.2200,3012900
2017-03-09,103.7600,104.0200,103.7500,103.9200,3101400
2017-03-08,103.6800,104.0300,103.6500,103.8700,5757300
2017-03-07,103.8600,104.1100,103.5600,103.7700,2881800
2017-03-06,103.5500,104.1000,103.3000,103.8900,1535300
2017-03-03,103.7200,103.9400,103.4400,103.8600,1483700
2017-03-02,103.1200,103.7900,103.0500,103.6100,4282400
2017-03-01,103.2000,103.4400,102.9600,103.2000,1797600
2017-02-28,102.6500,103.1800,102.3000,102.8100,1642000
2017-02-27,102.5800,102.8900,102.5700,102.8100,881100
2017-02-24,102.2000,102.8600,102.1900,102.8300,2153600
2017-02-23,102.6500,102.8900,102.4600,102.5900,1367000
2017-02-22,102.6000,102.8900,102.4000,102.6500,1576900
2017-02-21,102.2100,102.7500,102.2100,102.6000,1530000
2017-02-17,102.3100,102.7800,102.1800,102.4000,994000
2017-02-16,102.6500,102.7400,102.4100,102.4900,1070000
2017-02-15,102.2500,102.7400,102.2500,102.5800,1644600
2017-02-14,102.0000,102.4900,101.9100,102.2800,2148800
2017-02-13,102.1000,102.4900,101.8500,102.2600,1460300
2017-02-10,101.7600,102.3100,101.7500,101.9900,2131100
2017-02-09,102.0000,102.1700,101.5500,101.6000,1995400
2017-02-08,101.4700,102.1600,101.0400,102.0800,3419200
2017-02-07,100.6500,101.2800,100.4400,101.2700,2636800
2017-02-06,99.8500,101.2500,99.7600,100.0500,12637800
2017-02-03,99.0000,99.5000,98.9000,99.4600,1838200
2017-02-02,98.1000,99.3400,98.1000,99.0100,3447500
2017-02-01,98.3900,98.5800,97.7500,97.7500,4611500
2017-01-31,97.7500,98.1700,97.4550,97.8500,2697100
2017-01-30,98.0500,98.2000,97.2500,98.0200,2971400
2017-01-27,97.4000,97.9900,97.3000,97.8800,2483400
2017-01-26,97.4300,97.6200,97.1100,97.2600,3108400
2017-01-25,96.8300,97.8100,96.8300,97.5000,3859500
2017-01-24,96.2300,97.3200,96.0600,96.7000,4200400
2017-01-23,97.5000,97.7000,96.0000,96.0000,9072800
2017-01-20,98.2000,98.3050,97.6800,97.8000,2743500
2017-01-19,98.1400,98.2600,97.8100,98.0600,2464300
2017-01-18,98.0900,98.3400,97.8600,98.0100,1936200
2017-01-17,98.5000,98.6200,97.6100,97.6200,5470200
2017-01-13,98.2100,98.6200,97.9700,98.3800,2072000
2017-01-12,98.4900,98.5800,98.2600,98.3000,1572700
2017-01-11,98.4900,98.6100,98.2800,98.4800,1726500
2017-01-10,98.5400,98.7900,98.2600,98.6300,2767700
2017-01-09,98.2500,98.4700,97.9700,98.1100,2186200
2017-01-06,98.7000,98.7225,97.9900,98.2100,2849000
2017-01-05,98.4800,98.7900,98.1800,98.4000,2175600
2017-01-04,97.6700,98.3600,97.6500,98.3000,3943300
2017-01-03,98.2500,98.2500,97.5500,97.6600,2391400
2016-12-30,98.1600,98.4400,97.6800,98.0100,2235200
2016-12-29,98.4000,98.6400,98.0100,98.1000,1823300
2016-12-28,99.1100,99.1800,98.3600,98.3900,2358300
2016-12-27,98.4000,99.2100,98.3898,99.0000,1506600
2016-12-23,97.9000,98.5000,97.8000,98.2000,1053100
2016-12-22,97.6000,97.9100,97.3900,97.8800,1802300
2016-12-21,97.0000,97.7500,96.9500,97.7000,1787900
2016-12-20,97.3100,97.7700,96.8500,97.1000,2764200
2016-12-19,97.2900,97.5200,97.0400,97.1300,2346500
2016-12-16,97.8200,97.9000,97.0100,97.1900,4814900
2016-12-15,97.7500,98.2900,97.6950,97.7800,4119700
2016-12-14,98.2000,98.3900,97.8000,97.8300,3675500
2016-12-13,98.3500,98.6200,98.0800,98.2000,3241600
2016-12-12,98.1400,98.5000,98.0600,98.1400,1953900
2016-12-09,98.4500,98.5750,98.0000,98.3300,1960200
2016-12-08,98.6500,98.9900,98.1200,98.1500,2013800
2016-12-07,98.0000,98.4500,97.5700,98.3900,2364100
2016-12-06,97.5600,98.2000,97.5200,97.8100,2238200
2016-12-05,98.2400,98.3400,97.6500,97.8000,2823800
2016-12-02,98.0000,98.5500,97.7500,97.9700,3084100
2016-12-01,99.0200,99.4000,97.7500,97.7500,5482100
2016-11-30,99.2100,99.3500,98.8300,99.1500,4319300
2016-11-29,99.0000,99.4500,98.5700,98.8500,2851400
2016-11-28,99.9700,100.0000,98.9600,99.0600,4650500
2016-11-25,99.4000,99.5900,99.1400,99.5100,1458300
2016-11-23,98.6000,99.5200,98.5000,99.3300,2019600
2016-11-22,98.9500,99.2500,98.3400,98.8400,1983700
2016-11-21,99.2800,99.4300,98.3100,98.5900,2807500
2016-11-18,98.5100,99.0500,98.3500,98.8800,2309200
2016-11-17,98.0000,98.5700,97.6500,98.0600,2278900
2016-11-16,97.8200,98.6900,97.6800,97.8300,2306800
2016-11-15,96.6300,98.0400,96.3300,97.8000,3474400
2016-11-14,98.0000,98.0000,96.6100,96.7400,4583200
2016-11-11,96.5000,98.0500,96.5000,97.7300,3810200
2016-11-10,97.4100,97.5600,95.8800,96.5900,8361900
2016-11-09,98.5000,98.7600,97.0100,97.2800,7982100
2016-11-08,98.8000,99.4300,98.5500,99.0100,4713900
2016-11-07,99.1100,99.3400,98.6500,98.7200,5894500
2016-11-04,98.7200,99.2450,98.3200,98.7000,3280600
2016-11-03,99.2500,99.6000,98.6900,98.7400,4916800
2016-11-02,99.5100,99.6700,99.0000,99.0300,5169500
2016-11-01,100.0000,100.0500,99.3300,99.5500,6965500
2016-10-31,99.8100,100.3000,99.7200,100.0000,7925200
2016-10-28,99.7500,100.2600,99.2000,99.7800,13868800
2016-10-27,100.3600,100.6999,98.7400,99.0800,36605600
2016-10-26,100.4100,101.1500,97.8700,98.6600,6435700
2016-10-25,101.6500,101.6500,100.5000,100.6400,3958800
2016-10-24,101.6200,102.0000,100.5100,101.8400,3336300
2016-10-21,105.3900,105.5600,100.8000,101.7100,14423900
2016-10-20,100.4800,107.5399,99.3900,104.4900,7789800
2016-10-19,101.2000,101.6500,100.8800,101.0300,1937600
2016-10-18,101.6500,102.2300,101.2500,101.6500,1252900
2016-10-17,100.8740,101.9350,100.6000,100.8800,1854600
2016-10-14,102.3600,103.0900,101.1300,101.4000,2073600
2016-10-13,101.8700,102.0000,100.3000,101.8400,3347200
2016-10-12,101.5200,103.2000,100.7500,102.7400,2849900
2016-10-11,102.7700,102.7700,100.6900,101.9300,4380800
2016-10-10,102.3600,103.7100,102.0500,102.8300,3121800
2016-10-07,103.8200,103.9200,102.0900,102.9900,4717500
2016-10-06,102.5000,105.2900,100.8200,103.4900,10821600
2016-10-05,103.1900,104.3100,102.3600,102.5000,4677200
2016-10-04,102.7600,104.9500,102.5000,103.2300,5727900
2016-10-03,102.9800,105.0000,101.9800,102.7600,6782200
2016-09-30,99.7000,104.6400,99.7000,102.0100,23719100
2016-09-29,82.1100,98.0900,81.5000,96.1200,24411500
2016-09-28,82.5400,83.4000,81.8100,82.2400,2561600
2016-09-27,82.2300,83.2000,81.7400,82.4300,3474300
2016-09-26,83.0500,83.7400,82.4000,82.5300,2709300
2016-09-23,84.0300,85.0000,83.5300,83.9000,2729600
2016-09-22,84.3000,84.5300,83.7100,84.3900,1834300
2016-09-21,83.1700,83.6700,82.6400,83.3800,1891200
2016-09-20,83.7700,83.9000,82.4800,82.7900,2342900
2016-09-19,84.3500,84.5400,82.3500,82.9900,3380200
2016-09-16,85.8700,86.2299,83.4500,83.7500,3724000
2016-09-15,83.4800,85.8500,83.2780,85.5400,2851200
2016-09-14,81.9100,83.5500,81.9100,83.5500,2848600
2016-09-13,83.1500,83.3100,81.5600,82.5000,3448200
2016-09-12,80.9900,83.2000,80.1300,82.9100,4296400
2016-09-09,84.8000,84.9300,81.2250,81.4000,5663800
2016-09-08,86.5100,86.8400,85.3600,85.8900,3380800
2016-09-07,87.6300,87.7800,86.5900,86.6100,2928700
2016-09-06,87.8900,87.9800,86.5200,87.8300,2985300
2016-09-02,88.2500,88.2500,87.4600,88.1500,2125200
2016-09-01,88.3800,88.9900,87.3900,87.9500,3157100
2016-08-31,88.1300,88.4000,87.5100,88.0200,2154200
2016-08-30,89.2000,89.6100,88.0500,88.5000,1894200
2016-08-29,88.6900,89.5500,88.6800,88.9400,1588300
2016-08-26,87.5800,89.2900,87.3500,88.4900,2399100
2016-08-25,87.4200,88.4900,87.4050,87.6100,2453700
2016-08-24,88.6300,89.8600,86.8775,87.3500,2977800
2016-08-23,88.8800,89.1700,87.7300,88.8600,2003600
2016-08-22,88.1300,88.6100,87.7900,88.1300,1797200
2016-08-19,87.5800,89.0400,87.5675,88.3800,2533500
2016-08-18,88.4600,88.7400,87.4000,87.6000,1944200
2016-08-17,87.5100,88.3000,87.0700,88.2600,1880500
2016-08-16,88.5000,88.5300,87.3300,87.4100,2658300
2016-08-15,86.6500,88.8000,86.3150,88.5200,3130900
2016-08-12,85.4900,86.4000,85.4500,86.0300,1398500
2016-08-11,86.3800,86.7400,85.6888,86.1800,1812300
2016-08-10,86.5600,86.5900,85.2650,85.7200,1849300
2016-08-09,86.2500,86.9700,86.1000,86.3700,1749600
2016-08-08,86.0000,87.0900,85.3100,85.9200,2417500
2016-08-05,84.4800,86.3100,84.3800,85.7400,2336800
2016-08-04,83.4600,84.4000,82.7900,84.2500,2551900
2016-08-03,81.7600,83.2200,81.7200,83.1500,2276200
2016-08-02,84.5100,84.6100,81.6700,81.8500,5210300
2016-08-01,84.4300,84.5000,83.6500,84.2300,3431400
2016-07-29,84.4300,85.8300,83.2500,84.0900,4305200
2016-07-28,84.6800,87.8000,83.0600,84.3500,8963300
2016-07-27,88.8200,89.1000,87.0300,87.4400,6708600
2016-07-26,85.1600,87.9400,85.1600,87.9000,9906500
2016-07-25,84.1800,84.9600,83.6400,83.9500,3737900
2016-07-22,82.8500,84.6264,82.2100,84.4000,4128400
2016-07-21,84.2100,84.6500,83.1300,83.2900,6805200
2016-07-20,82.1600,84.8600,81.8100,84.1700,6433200
2016-07-19,81.9300,82.4150,81.2800,81.5400,2725600
2016-07-18,80.5600,81.8300,80.4000,81.7300,4206800
2016-07-15,79.9700,80.2500,79.5011,79.6800,2465300
2016-07-14,78.9000,80.0600,78.2300,79.5800,9805900
2016-07-13,81.2000,81.4500,80.4100,80.6800,3033000
2016-07-12,80.8000,81.8700,80.2800,80.6100,3604000
2016-07-11,80.2500,80.7700,79.7100,79.8400,3821200
2016-07-08,77.0600,79.2200,76.8200,79.1500,3609100
2016-07-07,76.2400,77.7400,75.9300,76.4700,3734700
2016-07-06,75.9400,76.5200,75.0400,76.0500,3073800
2016-07-05,77.4600,77.5900,75.9000,76.4400,3396800
2016-07-01,77.8300,78.4200,77.5600,77.9700,2921200
2016-06-30,78.3000,78.5300,76.3100,78.3400,7010100
2016-06-29,78.1400,79.4300,77.7200,78.3200,5336200
2016-06-28,77.7900,78.0000,75.7000,76.4700,4755700
2016-06-27,77.5000,78.0000,73.6200,75.0400,10707300
2016-06-24,81.5300,84.1900,78.8000,80.0700,10072100
2016-06-23,86.7900,87.3900,86.5700,87.3600,3102700
2016-06-22,85.5100,86.9100,85.4400,85.9200,2601700
2016-06-21,85.8800,86.1200,85.3000,85.8700,2473100
2016-06-20,86.9800,87.2700,85.1700,85.3500,3167200
2016-06-17,86.2300,86.2300,84.1500,85.0200,3921000
2016-06-16,85.0300,86.2000,83.8300,86.1300,3679000
2016-06-15,87.7100,87.9000,85.8200,85.9900,4512600
2016-06-14,88.0400,88.1500,85.8400,87.3700,4106600
2016-06-13,87.4000,88.8800,87.2450,87.4000,3125100
2016-06-10,89.2500,89.6900,87.9600,88.4300,3477100
2016-06-09,90.0000,90.4900,89.3600,90.2900,2590600
2016-06-08,90.5000,90.6500,90.0700,90.5000,3583100
2016-06-07,90.8500,90.8500,90.2900,90.4900,4624200
2016-06-06,90.6600,90.8000,90.1300,90.2600,6656800
2016-06-03,94.0000,94.0000,91.6900,92.0700,4373100
2016-06-02,93.9500,94.1000,93.0600,93.5000,3927300
2016-06-01,94.1000,94.3500,93.4600,94.3400,4372000
2016-05-31,92.8100,94.4900,92.2700,94.4900,29172300
2016-05-27,91.3700,92.7800,91.1600,92.1200,2960900
2016-05-26,91.4900,92.4800,90.9400,91.3300,2527100
2016-05-25,92.1800,92.8000,91.0000,91.9500,2923500
2016-05-24,90.3500,91.9100,89.2500,91.5800,5218800
2016-05-23,89.5100,90.3700,88.8200,88.9600,2578200
2016-05-20,87.5000,88.8100,87.0000,88.3900,4149400
2016-05-19,87.0200,87.8500,85.5400,86.4300,2042500
2016-05-18,84.9600,87.5200,84.5600,87.0300,3737800
2016-05-17,85.6500,85.9200,84.2800,84.7500,2223700
2016-05-16,84.7900,85.9400,84.0000,84.9700,2734800
2016-05-13,83.5900,84.7300,82.9960,83.0700,2761900
2016-05-12,85.5300,86.0000,81.9500,83.2500,4273500
2016-05-11,85.5400,86.8700,85.5200,85.5900,1574600
2016-05-10,85.3500,86.3900,84.7600,86.0700,1997500
2016-05-09,85.5300,86.5000,84.5700,85.0400,2246600
2016-05-06,84.9400,86.3300,84.2500,85.3600,2762600
2016-05-05,85.8900,86.2400,84.8300,85.2400,4980200
2016-05-04,84.6300,85.5400,83.7200,83.8200,3340600
2016-05-03,85.6700,86.0300,84.5100,85.4700,3522600
2016-05-02,85.1200,86.6100,84.3750,86.3400,3664500
2016-04-29,86.2500,86.4200,83.6400,85.2800,8047500
2016-04-28,88.2500,91.1800,85.2761,85.8700,5494400
2016-04-27,86.0000,88.9800,85.9400,88.9400,6553000
2016-04-26,87.1300,89.7900,85.8300,86.6900,18172500
2016-04-25,83.7900,84.6800,81.8900,83.3400,4559400
2016-04-22,83.7500,85.4000,82.8000,84.3900,3385700
2016-04-21,84.8300,84.9700,83.7633,84.1400,1610000
2016-04-20,83.6000,85.6089,83.0800,85.0100,3012000
2016-04-19,84.0700,84.3400,81.9550,82.8900,3008900
2016-04-18,84.0200,84.6750,83.6200,84.1300,3026100
2016-04-15,84.4300,84.9450,84.0000,84.3800,5343000
2016-04-14,84.3200,85.6200,83.7400,85.4900,5620400
2016-04-13,83.4500,85.4500,83.1000,85.0500,4156400
2016-04-12,83.5000,83.5000,81.6300,82.6900,2561200
2016-04-11,83.5400,84.2500,82.9400,82.9800,2609300
2016-04-08,83.5100,84.5850,82.2700,82.7400,3480100
2016-04-07,82.5000,82.7000,80.9900,81.2600,2119700
2016-04-06,80.5200,83.1700,80.5200,83.0200,1848400
2016-04-05,80.5900,81.7900,80.4000,81.1200,1878300
2016-04-04,81.2000,82.4800,80.8700,81.5700,2001500
2016-04-01,80.2100,82.1900,80.0500,82.0500,2544400
2016-03-31,81.6400,81.9300,80.5050,81.0700,4030100
2016-03-30,80.9900,82.1000,80.9400,81.7500,4776700
2016-03-29,80.4400,81.9700,79.4400,81.6900,2776800
2016-03-28,81.5100,81.7600,79.9300,80.8700,1402000
2016-03-24,80.5000,81.3200,79.5600,81.2500,2743400
2016-03-23,83.2500,83.3400,81.1400,81.2200,2043200
2016-03-22,81.7000,83.1200,81.3900,83.0600,1957400
2016-03-21,82.6900,83.6000,81.9100,82.7500,2140500
2016-03-18,81.4500,83.4700,81.2400,83.3800,4420800
2016-03-17,79.1600,81.4000,79.1600,81.2200,3757700
2016-03-16,78.4500,80.1000,78.1900,79.8900,4340200
2016-03-15,78.5000,79.2200,77.2500,79.0700,4006800
2016-03-14,78.0000,79.2300,77.4500,78.8100,2373000
2016-03-11,78.0100,78.3900,77.2200,78.1000,3944200
2016-03-10,77.4200,78.4399,75.3900,77.2200,2697400
2016-03-09,75.5600,76.9775,74.4000,76.7300,2803900
2016-03-08,76.2100,76.7899,74.5216,75.4800,2905500
2016-03-07,76.5700,78.3200,75.4400,76.9800,3721800
2016-03-04,75.6600,78.4350,75.3900,76.6300,4278700
2016-03-03,75.6500,75.7300,73.6000,74.5200,2672800
2016-03-02,74.2500,75.9200,74.2300,75.5500,2994100
2016-03-01,72.0000,74.6200,71.1000,74.2300,3610400
2016-02-29,72.5600,73.4000,71.0300,71.2400,2805500
2016-02-26,71.4900,72.5100,70.8800,72.2300,2827300
2016-02-25,70.5400,70.9400,68.1303,70.9000,2732100
2016-02-24,67.4800,70.1450,66.6700,70.0100,2874000
2016-02-23,70.0000,70.0500,68.1700,68.2400,2433700
2016-02-22,67.1500,69.9900,67.0000,69.9100,3631400
2016-02-19,67.3300,67.3350,66.0300,66.4700,4105500
2016-02-18,70.4400,70.6300,67.4311,67.6000,5764800
2016-02-17,69.9300,71.7700,69.0600,70.3500,4388200
2016-02-16,68.9000,69.9800,67.9100,69.4400,3921500
2016-02-12,66.1500,67.8100,64.7510,67.3000,3073800
2016-02-11,64.6200,66.7100,64.4500,65.0700,4432500
2016-02-10,66.1500,68.1700,65.7100,66.1500,5712800
2016-02-09,61.6600,66.8500,61.6100,65.5400,5350200
2016-02-08,69.0700,69.3900,62.4200,64.0000,10308500
2016-02-05,75.4600,76.4900,70.3700,70.7000,4636000
2016-02-04,74.2100,77.0000,71.7900,76.3100,10316400
2016-02-03,73.5300,73.7600,69.2400,70.7800,5659400
2016-02-02,75.1700,75.5280,72.3200,72.8800,3694800
2016-02-01,73.9400,76.9400,73.7200,76.3400,3018700
2016-01-29,71.5400,74.7900,70.7500,74.7800,3535900
2016-01-28,71.1500,71.8500,69.3900,70.2800,2555000
2016-01-27,70.8700,72.2000,70.0000,70.6500,2873000
2016-01-26,72.7500,73.5200,71.1700,71.6600,3332900
2016-01-25,74.1100,74.5000,72.1600,72.3800,2993100
2016-01-22,73.6000,75.5500,73.3600,74.7200,3519500
2016-01-21,71.4300,73.5800,70.6700,72.0600,4486000
2016-01-20,67.5000,71.6700,67.1100,70.8100,6683700
2016-01-19,69.8900,71.1900,68.0201,68.4300,4594100
2016-01-15,70.2700,71.0800,66.9300,68.6500,9610400
2016-01-14,74.0100,74.8900,70.2200,74.5100,6260000
2016-01-13,77.9000,78.9700,74.0300,74.2500,3724700
2016-01-12,77.9900,78.7700,76.0700,77.7800,5373800
2016-01-11,75.6900,77.8900,75.4400,77.2200,4091200
2016-01-08,75.9500,77.8350,74.5100,75.1800,6958500
2016-01-07,77.9300,78.9800,75.9000,76.0000,6899900
2016-01-06,80.5500,81.6500,78.9100,80.3500,5269100
2016-01-05,85.2900,85.7600,82.2300,82.3900,3226500
2016-01-04,82.0000,84.7400,81.5500,84.4400,2524200
2015-12-31,85.4300,85.8700,84.1500,84.2500,2140000
2015-12-30,85.7900,86.6600,85.5700,85.7600,1397900
2015-12-29,85.8600,86.5600,84.3800,86.3200,1988300
2015-12-28,85.8400,86.0000,84.3950,85.8800,1312100
2015-12-24,84.8900,87.1600,84.5300,86.4200,1079800
2015-12-23,85.3000,85.5850,84.1000,84.5300,2615100
2015-12-22,85.1400,85.9600,83.9100,85.2700,2214300
2015-12-21,85.2500,85.9800,84.4800,85.2800,1657800
2015-12-18,83.9900,85.5600,83.0100,84.1000,3229700
2015-12-17,86.9100,87.7250,84.5200,84.5800,2701100
2015-12-16,84.5200,86.2000,83.9600,85.9200,2493700
2015-12-15,83.0600,84.9900,83.0000,83.9200,3772200
2015-12-14,83.1700,83.7300,81.8500,83.4400,4774600
2015-12-11,86.6800,87.8499,83.2000,83.2800,3399700
2015-12-10,86.6700,89.8900,85.3800,88.4600,5091500
2015-12-09,86.8400,87.3450,85.4500,86.2400,5150500
2015-12-08,85.1000,88.3600,84.9000,87.5500,5253200
2015-12-07,90.9900,90.9900,86.0900,86.2500,7653000
2015-12-04,89.8500,91.2000,88.5000,90.4500,5782300
2015-12-03,92.9900,93.8800,89.4900,89.9200,5652300
2015-12-02,93.2700,94.2100,91.4500,91.9200,5279900
2015-12-01,92.7200,94.1400,91.9700,94.0900,8001400
2015-11-30,88.5000,93.4600,88.4200,93.4600,26237400
2015-11-27,84.9000,88.7600,84.7700,88.3600,4197400
2015-11-25,83.4300,85.5100,82.7900,84.4800,3344400
2015-11-24,80.0100,84.5100,80.0000,83.3400,6991400
2015-11-23,79.0700,80.7500,78.2800,78.5600,3498800
2015-11-20,81.5400,81.5400,79.1000,79.7700,2332500
2015-11-19,81.5400,81.9800,80.2300,80.9200,2053500
2015-11-18,78.1500,82.2900,78.0800,81.9100,3997400
2015-11-17,78.9100,79.4500,78.0200,78.4200,2485200
2015-11-16,77.7000,79.2200,77.3700,78.7300,2912900
2015-11-13,79.1200,79.9260,77.7100,77.8200,3013200
2015-11-12,80.7500,81.4000,79.0401,79.4400,3261900
2015-11-11,80.3200,82.6400,80.3100,81.3400,2614000
2015-11-10,79.5000,80.9900,78.6500,80.5700,4471000
2015-11-09,80.7900,81.5700,79.6600,81.1200,2475400
2015-11-06,79.5100,81.2700,79.2600,80.8900,3595600
2015-11-05,80.1000,80.7500,78.3100,79.5000,3325100
2015-11-04,78.6700,80.0500,78.1500,79.9800,4556900
2015-11-03,76.0600,79.9600,76.0600,78.4900,5360900
2015-11-02,77.6400,80.4600,75.9000,76.6300,7128200
2015-10-30,73.2600,78.7800,73.1000,78.3500,15331100
2015-10-29,74.7300,80.9600,72.5300,73.0000,36651700
2015-10-28,91.7000,92.0800,89.7200,90.9200,4979300
2015-10-27,91.1500,92.4900,89.1800,90.3000,3331700
2015-10-26,94.6000,95.2600,91.1100,91.4100,3659800
2015-10-23,96.5900,97.6900,93.6900,96.0900,6429100
2015-10-22,93.0100,98.0900,93.0100,97.9500,8384300
2015-10-21,92.6900,93.6600,91.0500,91.3200,2379400
2015-10-20,93.3900,93.3900,91.6100,91.9900,2428100
2015-10-19,93.5200,94.1900,92.2100,93.4200,2059100
2015-10-16,93.9300,94.1800,92.4400,93.2200,2189800
2015-10-15,92.4100,95.1600,92.4000,94.0900,4891000
2015-10-14,87.7300,92.3100,86.6250,91.5200,5054500
2015-10-13,88.0300,88.3900,86.8000,87.0200,2348000
2015-10-12,88.5100,89.9200,87.8000,89.0100,3052500
2015-10-09,86.0100,88.0800,85.7801,87.3200,2818200
2015-10-08,84.6600,86.7100,82.9800,86.4900,3065300
2015-10-07,85.5000,86.3000,82.7200,84.9400,3512300
2015-10-06,84.9800,86.2900,81.9300,84.7300,4072400
2015-10-05,86.1100,87.7500,85.1500,85.3000,3164200
2015-10-02,83.9600,85.9400,83.0800,85.8800,3031200
2015-10-01,86.0900,86.1900,82.3500,85.3400,3733900
2015-09-30,83.7500,87.4000,83.7050,87.0700,3226700
2015-09-29,83.0900,84.0900,80.8800,82.3200,2710700
2015-09-28,86.7500,86.7500,82.3600,82.4300,2664800
2015-09-25,86.5000,88.5600,85.5900,86.7100,2706900
2015-09-24,84.2700,86.4900,80.7900,85.6800,5411800
2015-09-23,86.4100,87.0000,85.1300,85.5700,2623900
2015-09-22,88.5800,88.8800,86.0500,86.3500,3785800
2015-09-21,90.1500,91.6000,89.2999,90.3500,2219000
2015-09-18,89.5400,91.2500,88.5000,90.0800,3304900
2015-09-17,90.8100,92.9900,90.2300,91.0200,2804500
2015-09-16,90.5000,91.0000,89.1300,90.9400,2205700
2015-09-15,90.8500,92.6700,90.3000,90.4700,2801300
2015-09-14,89.9400,90.5150,88.2200,90.2600,2843900
2015-09-11,86.2000,88.7400,85.1300,88.4100,3154400
2015-09-10,88.1000,89.2283,86.1000,86.8800,4039100
2015-09-09,91.9800,94.9000,88.6400,88.8700,4908700
2015-09-08,87.1300,91.1500,87.0000,90.6800,4508100
2015-09-04,83.8600,86.3200,83.7100,84.4300,2355100
2015-09-03,85.1200,86.8500,84.8700,85.7100,2722900
2015-09-02,82.8100,84.9200,81.6800,84.8900,3548300
2015-09-01,82.3700,84.8400,81.3200,81.8400,3874200
2015-08-31,85.7500,86.5900,84.0500,84.6500,2968300
2015-08-28,86.0000,87.3032,85.8300,86.7300,1937500
2015-08-27,87.6600,88.2500,84.9700,86.6400,5435700
2015-08-26,84.4800,85.3850,80.7925,85.0200,4072000
2015-08-25,83.3900,84.7397,80.6400,80.8400,5724700
2015-08-24,73.5900,83.8400,72.0500,79.2600,9160200
2015-08-21,78.4700,82.9700,78.4700,80.3300,6290500
2015-08-20,86.1600,86.1600,81.7500,82.0200,7046900
2015-08-19,89.0100,89.5900,86.4300,87.0100,5258500
2015-08-18,91.6400,92.1900,87.9500,88.3400,4688000
2015-08-17,90.8400,91.6700,89.9700,91.5800,4027400
2015-08-14,93.6500,93.8100,91.3800,91.6200,3149700
2015-08-13,93.4200,94.4200,91.9300,93.6500,3662000
2015-08-12,92.9200,94.8900,90.0500,93.8250,8026100
2015-08-11,97.5300,98.0000,95.3900,96.2800,3590100
2015-08-10,96.8200,99.4740,96.4180,99.2800,2608800
2015-08-07,95.2800,96.5200,94.0100,96.3400,2170600
2015-08-06,97.4700,97.5000,93.2400,95.7300,3495900
2015-08-05,95.2800,97.7900,95.0100,97.0200,2900000
2015-08-04,95.9800,97.5700,93.6700,95.2800,5400800
2015-08-03,96.4700,98.1500,95.7820,97.9700,2814900
2015-07-31,97.3400,100.2600,96.7300,96.9900,4968600
2015-07-30,96.0000,98.6500,94.2000,97.8700,6524300
2015-07-29,91.2500,93.4500,90.1600,91.8000,3985800
2015-07-28,89.4600,92.0350,87.3700,91.0400,3385300
2015-07-27,88.9500,89.4600,86.9300,88.2200,3189500
2015-07-24,94.0100,94.4900,90.0800,90.2800,3585700
2015-07-23,92.3900,94.4700,92.0101,93.0000,4950500
2015-07-22,87.2100,90.5900,85.7200,90.2800,8246700
2015-07-21,89.9100,92.4900,89.8700,92.4000,3672900
2015-07-20,91.8300,91.8300,89.6500,90.0100,2896500
2015-07-17,92.1800,92.6100,89.6700,91.2800,3537000
2015-07-16,93.4800,93.8800,90.6300,91.7900,4979200
2015-07-15,94.7500,94.9900,92.7500,92.8800,3589300
2015-07-14,92.5000,95.4200,91.9200,94.7400,3746300
2015-07-13,93.9000,94.4600,91.0200,91.8000,4316300
2015-07-10,91.7500,93.9000,91.7500,92.7300,4845300
2015-07-09,94.0000,94.9900,89.7700,90.5100,5471800
2015-07-08,94.7600,95.3550,91.4300,92.2350,6321300
2015-07-07,96.7200,97.3000,91.0200,96.4700,5162100
2015-07-06,96.7100,99.1800,95.8700,96.7100,2147200
2015-07-02,97.5000,98.6400,97.2500,98.1200,1655400
2015-07-01,100.4700,101.1680,97.2200,97.6300,2019200
2015-06-30,98.3900,99.1700,95.7900,98.2000,3615800
2015-06-29,98.2800,99.9500,96.2400,97.5000,3170400
2015-06-26,101.9400,102.8800,100.1645,100.5200,2805100
2015-06-25,103.3700,103.8300,102.2111,102.6250,1367900
2015-06-24,103.4300,104.2000,102.7100,102.9400,1966200
2015-06-23,105.3600,105.7000,102.6900,103.4200,2541100
2015-06-22,105.7900,106.4400,103.7400,104.6000,2065500
2015-06-19,105.2100,105.4900,103.0000,104.6200,3751500
2015-06-18,102.2300,106.5700,102.2300,105.1800,2957900
2015-06-17,103.2100,103.8800,102.0100,102.1750,1940400
2015-06-16,103.2400,103.4600,101.6300,103.1500,2043800
2015-06-15,102.6700,103.1700,101.4300,102.7900,2659400
2015-06-12,103.5300,104.4699,103.4100,103.8100,1638900
2015-06-11,104.9500,105.5950,103.6900,104.6900,1559300
2015-06-10,106.3175,106.3175,104.6000,105.3100,2392400
2015-06-09,103.1500,104.1900,101.1500,103.8100,2970200
2015-06-08,107.0200,107.1200,103.4000,103.8300,2805100
2015-06-05,106.4100,107.6500,105.8700,106.9750,2276100
2015-06-04,107.7500,108.6500,105.9100,106.7400,2909900
2015-06-03,111.7400,111.9700,108.1600,108.2300,2947000
2015-06-02,111.3900,111.7250,109.2200,110.6300,3046400
2015-06-01,113.2300,114.0000,111.3400,111.9800,2720300
2015-05-29,110.8000,112.8100,110.1300,112.2500,3597600
2015-05-28,111.4400,112.7700,109.6000,110.7900,5021200
2015-05-27,107.1200,111.1400,106.8000,110.7100,4104500
2015-05-26,107.8800,107.9700,105.7800,106.9900,2988100
2015-05-22,107.0600,108.0000,106.1200,107.1750,2804100
2015-05-21,102.7800,106.8800,101.5300,106.7900,4918100
2015-05-20,102.8500,103.9400,101.8900,102.8800,1745400
2015-05-19,103.5000,105.6900,101.9700,102.7900,2834800
2015-05-18,102.8500,103.4299,102.0860,103.1100,1752200
2015-05-15,103.3400,103.4900,101.7500,102.7200,2254700
2015-05-14,102.5500,103.0000,101.5500,102.6600,1901300
2015-05-13,102.2300,103.1800,101.5000,101.6400,2054800
2015-05-12,104.1200,104.1878,101.6701,101.7800,2287000
2015-05-11,104.1000,104.9400,103.1900,103.5700,2409100
2015-05-08,102.0000,104.8000,101.5600,103.9800,4499600
2015-05-07,98.8700,100.8500,98.5600,100.7400,2741800
2015-05-06,97.5000,98.7000,96.4300,98.4900,2417100
2015-05-05,99.3000,100.1400,97.2800,97.4400,2936800
2015-05-04,101.2200,101.6700,98.9600,100.1300,2447600
2015-05-01,95.9400,102.2800,95.8000,100.9900,4764000
2015-04-30,97.1400,99.8400,95.6200,96.1200,6248600
2015-04-29,96.2600,96.4000,94.5500,95.4200,2763300
2015-04-28,97.0400,97.3900,93.4500,96.2200,3304500
2015-04-27,96.7100,98.1399,96.2200,96.9300,2932500
2015-04-24,98.7600,98.9600,93.7600,95.3300,6699300
2015-04-23,99.9000,101.0000,98.3500,98.5800,4554400
2015-04-22,101.7500,103.1200,100.4231,102.6900,1485200
2015-04-21,101.9300,101.9900,100.7000,101.2400,1347800
2015-04-20,100.5800,102.2000,100.1200,101.0300,1748900
2015-04-17,100.1300,100.7653,99.1100,99.7300,2072700
2015-04-16,100.9400,102.5300,100.5560,101.6300,1848600
2015-04-15,99.3000,100.9800,99.3000,100.7500,2389000
2015-04-14,100.1300,100.5200,97.8000,98.6300,2087900
2015-04-13,101.2300,101.7999,99.2500,100.2900,1566700
2015-04-10,102.7500,102.8799,100.9100,101.3400,1467200
2015-04-09,101.1800,102.2700,100.9001,102.1000,1392800
2015-04-08,101.0000,102.9300,100.4100,101.8600,2057100
2015-04-07,99.7800,101.8000,99.7800,100.3800,3294700
2015-04-06,97.6600,100.0600,97.1600,99.9600,3237100
2015-04-02,99.9100,100.8900,98.8200,99.2700,1958300
2015-04-01,100.0000,100.6500,98.0806,99.7500,3301400
2015-03-31,101.6800,102.5500,100.1701,100.3600,2527400
2015-03-30,101.0200,103.9900,101.0200,102.4300,3732000
2015-03-27,98.4200,100.6400,97.2400,99.9200,4993000
2015-03-26,96.0100,99.0000,93.0500,97.5000,8746700
2015-03-25,104.4200,104.4600,98.5800,100.1500,5904000
2015-03-24,105.0100,105.1900,103.3600,104.0400,3231000
2015-03-23,108.1700,108.5000,104.8900,104.8900,3281700
2015-03-20,106.8300,108.4800,106.0001,108.0300,3407000
2015-03-19,105.4600,106.4500,104.6950,105.3200,1834800
2015-03-18,103.4600,105.8800,103.1600,105.3600,2762000
2015-03-17,103.2000,104.2500,102.8900,103.8300,2706600
2015-03-16,105.0000,105.0250,103.1400,104.3700,3956700
2015-03-13,99.8000,105.1200,99.6500,104.6650,8272000
2015-03-12,96.6000,98.6900,96.5300,98.5800,2358000
2015-03-11,98.0700,98.4800,97.3650,97.9500,2157100
2015-03-10,98.2300,98.5000,97.1101,97.5500,3090200
2015-03-09,97.9400,99.1900,97.9400,98.7200,3558700
2015-03-06,98.8000,99.0300,97.5700,98.4800,3661000
2015-03-05,100.0000,100.8590,98.3400,98.6700,3860400
2015-03-04,98.0500,99.6000,97.3100,99.4700,3401200
2015-03-03,99.9500,100.0900,97.6900,98.7300,7326500
2015-03-02,95.1000,99.9000,95.0200,99.5600,23907400
2015-02-27,85.3400,85.9400,84.5200,84.8950,1656900
2015-02-26,84.9200,86.0400,84.1200,84.9600,1840600
2015-02-25,85.5100,85.8500,84.4700,84.8950,1594800
2015-02-24,84.6600,85.9300,83.6200,85.9100,2250600
2015-02-23,84.6000,84.6900,83.6300,84.5000,1890700
2015-02-20,85.6100,85.7000,84.1500,84.6600,2103800
2015-02-19,85.1800,85.6900,84.2800,85.6700,2163100
2015-02-18,84.5200,85.4800,83.5900,85.3600,2119500
2015-02-17,85.0000,85.2799,83.4100,83.7200,2706100
2015-02-13,86.1400,86.5000,83.9800,84.7900,2719700
2015-02-12,83.4400,85.4300,83.4400,85.3900,2824900
2015-02-11,82.0900,83.9700,81.6600,83.8600,3188400
2015-02-10,81.8100,82.0000,80.5210,81.9600,3074100
2015-02-09,82.0400,82.3000,78.6900,80.9700,3663900
2015-02-06,78.9300,83.4400,78.4300,82.2900,6118100
2015-02-05,80.0000,80.7500,77.5840,78.2700,6640100
2015-02-04,79.0700,80.3900,78.8300,79.7500,4781200
2015-02-03,77.6500,79.8100,77.3800,79.7400,2907700
2015-02-02,79.9300,80.2700,76.1700,77.8700,3131200
2015-01-30,79.7100,80.4800,78.1500,79.3400,2455900
2015-01-29,79.4000,80.4600,76.9100,79.8700,3256100
2015-01-28,80.8000,82.1400,78.6000,79.1250,5575500
2015-01-27,78.0000,78.8800,77.5000,78.0250,2738600
2015-01-26,79.9500,79.9500,78.1400,79.1200,2851300
2015-01-23,78.9300,81.1700,78.1400,80.2300,2780500
2015-01-22,79.6600,80.0000,76.9300,79.0600,3795100
2015-01-21,79.2700,80.1600,78.4620,79.3000,2608500
2015-01-20,79.3400,79.3400,77.3800,78.7800,3084600
2015-01-16,76.4400,77.9200,75.8000,77.9100,3658500
2015-01-15,80.2000,80.7500,76.3800,76.6100,4790900
2015-01-14,78.0200,80.4800,77.0800,80.0700,4010400
2015-01-13,81.0000,82.7600,78.5700,79.2400,3737300
2015-01-12,81.0000,81.2900,78.3500,80.3500,2924800
2015-01-09,78.3500,80.9700,78.3200,80.3200,5106500
2015-01-08,75.5100,78.1000,75.4300,77.8400,2664000
2015-01-07,73.0400,74.9800,73.0400,74.3300,2713000
2015-01-06,75.5000,75.7700,72.2000,72.3800,4099700
2015-01-05,76.9100,77.0000,75.4600,76.0000,3929600
2015-01-02,76.5600,77.8800,75.2000,76.8100,2566600
2014-12-31,75.5600,77.4815,75.3800,76.4000,2210100
2014-12-30,75.9100,76.1800,74.5200,75.5800,1839800
2014-12-29,77.1100,77.1100,75.9100,76.2800,1556000
2014-12-26,76.7600,77.3900,76.2700,76.6200,768500
2014-12-24,76.5200,77.8200,76.4200,76.7450,694500
2014-12-23,77.8000,77.9800,76.1900,76.2700,1494700
2014-12-22,76.5800,77.7370,76.4100,77.2900,1319100
2014-12-19,78.0100,78.1600,75.8700,76.4900,2660400
2014-12-18,77.5300,77.9300,76.3700,77.8200,2898500
2014-12-17,73.3100,75.5600,72.2700,75.4300,2115800
2014-12-16,71.3800,75.1900,70.3500,72.6900,3721900
2014-12-15,74.2600,74.4950,71.4301,72.1300,3617900
2014-12-12,73.7500,74.9500,72.7404,73.3900,2349400
2014-12-11,76.1200,76.8800,74.7050,74.9500,2200300
2014-12-10,76.6100,77.3000,74.9900,75.1450,2553200
2014-12-09,75.1600,77.0600,74.5100,76.7800,2595500
2014-12-08,77.0000,77.8800,75.4400,76.1100,2399700
2014-12-05,76.5000,77.6000,76.0200,77.2300,2495000
2014-12-04,77.1100,77.2000,75.3400,76.1400,3259100
2014-12-03,76.1700,77.2500,75.7800,76.8500,3673400
2014-12-02,75.0900,75.7100,74.1400,75.3600,3597600
2014-12-01,77.6300,77.9900,75.2100,75.8800,3352500
2014-11-28,77.8500,78.3399,77.0100,77.8100,1225800
2014-11-26,75.9800,78.0000,75.6700,77.8500,3002400
2014-11-25,77.1900,77.8000,76.0000,76.1500,8095500
2014-11-24,74.8700,76.7000,74.5700,76.1800,3983100
2014-11-21,75.4700,75.8400,73.8100,74.8500,3015500
2014-11-20,72.7100,74.9200,71.8000,74.1400,2362100
2014-11-19,74.3800,75.0700,72.8800,73.0000,2785600
2014-11-18,73.8700,75.3200,73.8200,74.5500,3158700
2014-11-17,73.8100,74.9500,73.7900,74.3700,3290700
2014-11-14,72.4800,73.8500,71.1250,73.7300,2036900
2014-11-13,73.5000,74.8000,72.0200,72.5800,2252100
2014-11-12,73.4300,73.7400,72.2200,73.4000,2141100
2014-11-11,73.8300,74.6700,73.1300,73.8400,2388300
2014-11-10,73.9200,74.7400,73.7000,74.3900,2221300
2014-11-07,73.5100,74.2000,71.7900,73.5400,3643300
2014-11-06,73.1500,74.9400,73.1500,73.4700,4718000
2014-11-05,70.5000,73.5900,70.5000,73.3600,8166200
2014-11-04,68.5800,69.8100,68.2400,69.6700,3271500
2014-11-03,68.4300,69.9400,68.3201,69.2500,3818500
2014-10-31,67.8000,69.6000,67.2000,68.6600,5256600
2014-10-30,66.4500,66.8800,63.5200,65.4100,5669700
2014-10-29,67.2900,67.9199,65.5400,67.0500,2767800
2014-10-28,65.4200,67.6500,65.4200,67.5700,3246700
2014-10-27,65.3700,65.9500,63.7701,65.7600,2694200
2014-10-24,64.5100,65.8990,64.1400,65.5300,3888200
2014-10-23,65.9900,66.0000,61.6500,64.1800,10049500
2014-10-22,65.3900,65.8700,63.9200,64.1300,4533400
2014-10-21,63.3400,65.0900,62.8100,64.6400,5714000
2014-10-20,60.1500,61.9300,59.7000,61.5000,2785300
2014-10-17,63.0100,63.9700,60.3200,60.4200,5110000
2014-10-16,57.1900,62.0300,57.0000,61.0600,6535000
2014-10-15,55.2700,59.1800,54.9200,58.6100,6478400
2014-10-14,55.0000,59.4300,54.1900,56.5800,8606400
2014-10-13,56.7100,57.2900,53.8100,53.9000,7030000
2014-10-10,58.0700,58.3900,54.7100,56.3400,18567600
2014-10-09,65.7100,66.1600,63.9900,64.3400,3645000
2014-10-08,65.0500,66.4440,62.8700,66.1600,5047600
2014-10-07,65.2800,66.2600,64.7500,65.2000,2633100
2014-10-06,67.6100,68.1700,65.8600,66.2100,2482900
2014-10-03,66.6100,68.3400,66.5900,67.3700,3399500
2014-10-02,65.9700,66.4800,63.4900,66.3100,5741300
2014-10-01,68.4600,68.4600,65.6900,66.0100,5089500
2014-09-30,70.2100,70.2782,67.7700,68.4300,3848200
2014-09-29,69.8900,70.8200,69.1300,70.2800,1883300
2014-09-26,69.4600,71.3700,69.4600,71.0900,1780900
2014-09-25,72.1600,72.1900,69.6000,69.8100,2978200
2014-09-24,72.2600,72.8800,71.3700,72.2100,2368500
2014-09-23,70.5000,72.2581,70.0100,72.0000,2890500
2014-09-22,72.2900,72.5500,70.6760,70.8000,3149000
2014-09-19,73.8200,73.8200,71.5700,71.9850,4107200
2014-09-18,71.4400,73.7100,70.8170,73.0100,5016700
2014-09-17,71.1500,71.2400,69.8800,70.7300,1979800
2014-09-16,68.4000,70.4900,68.4000,70.2600,2222500
2014-09-15,70.0500,70.5800,68.4200,68.5600,2854800
2014-09-12,71.4200,71.5000,69.9100,69.9800,2335100
2014-09-11,70.1500,71.4600,70.1500,71.3400,2211900
2014-09-10,70.8900,71.0000,69.5910,70.6300,3174800
2014-09-09,71.0300,73.0900,68.7900,70.0200,9013800
2014-09-08,71.3100,72.1800,70.6500,71.1900,4187100
2014-09-05,69.8400,71.1000,69.2856,70.9900,3674700
2014-09-04,69.3400,69.8200,68.8000,69.4300,3780000
2014-09-03,69.5000,70.3800,68.7500,69.2500,4706200
2014-09-02,70.0000,70.0000,68.6601,69.0700,4401100
2014-08-29,69.1000,69.5000,67.8100,68.5200,5607400
2014-08-28,65.7800,66.9700,65.0600,66.9600,2681200
2014-08-27,65.4200,65.7000,64.0400,65.5400,1708200
2014-08-26,65.5600,65.8900,64.7100,64.7400,2328600
2014-08-25,65.7200,65.8500,65.0100,65.5400,2019300
2014-08-22,64.9000,65.8400,64.2000,65.4300,3308100
2014-08-21,64.2800,64.4500,63.7650,64.0300,2672800
2014-08-20,63.3500,64.4600,63.2600,64.2000,3371400
2014-08-19,63.1100,63.9700,62.7000,63.2600,2680000
2014-08-18,62.1600,63.3400,60.8200,63.2300,6773800
2014-08-15,64.3400,64.3800,62.6800,63.8900,2154500
2014-08-14,63.3400,63.7500,62.7400,63.7200,1940200
2014-08-13,63.5600,63.5600,62.6200,63.0200,2456600
2014-08-12,61.6600,62.6700,61.1100,62.5200,1666700
2014-08-11,61.5200,62.2800,61.5200,61.7000,1623100
2014-08-08,60.5600,61.4400,59.8200,61.0900,2304100
2014-08-07,62.7300,62.9900,60.1900,60.5000,3942500
2014-08-06,61.3600,63.8300,60.5700,62.9400,3825600
2014-08-05,62.6100,62.6700,61.5700,61.9800,2462300
2014-08-04,63.0200,63.4500,62.2500,62.7300,2490300
2014-08-01,62.5700,63.2200,61.6600,62.4000,2928100
2014-07-31,62.1800,62.7200,61.1000,62.3500,3761000
2014-07-30,62.1500,63.7300,61.7600,63.3800,3723600
2014-07-29,62.1100,62.7990,61.5000,61.6900,4592100
2014-07-28,63.0300,63.3000,61.1800,62.3400,5192100
2014-07-25,65.5000,65.5000,62.7100,63.0000,6226500
2014-07-24,67.0000,67.3000,64.5520,65.3300,5939700
2014-07-23,66.1000,66.5900,63.6400,64.5400,6098900
2014-07-22,66.5000,67.3200,66.2000,66.2500,3434600
2014-07-21,66.5500,67.4000,65.8700,66.2800,2108600
2014-07-18,65.4400,66.6500,64.9400,66.6100,2449300
2014-07-17,66.3500,66.4700,64.7400,64.9300,2961700
2014-07-16,66.3000,67.2600,66.1200,67.0300,1536800
2014-07-15,66.3500,66.8600,65.3900,65.7600,1976500
2014-07-14,66.8200,67.4400,66.0500,66.3500,1451300
2014-07-11,65.7100,66.5000,65.3500,66.4200,1419300
2014-07-10,65.0100,65.5600,64.0500,65.4300,3048800
2014-07-09,66.1900,66.8100,65.7600,66.3900,1653600
2014-07-08,66.8900,67.2500,64.7500,65.6700,2925600
2014-07-07,67.5400,67.7900,66.5800,66.9100,1499200
2014-07-03,67.3300,67.5000,66.7556,67.3600,670600
2014-07-02,67.0000,67.0600,66.1600,66.6000,2033800
2014-07-01,66.8400,67.6600,66.6900,67.1500,2402100
2014-06-30,65.7600,66.1900,65.0000,66.1800,2307800
2014-06-27,63.8000,65.0900,63.2600,65.0100,1594000
2014-06-26,64.6700,64.6700,62.9200,63.8900,1680100
2014-06-25,64.5100,64.9899,63.5000,64.5800,1666800
2014-06-24,66.0000,66.1500,64.2200,64.4400,2225200
2014-06-23,66.5000,67.3900,65.9600,66.0600,2275400
2014-06-20,65.1900,66.4800,65.1100,66.4400,3293900
2014-06-19,63.7700,65.0300,62.7500,64.9900,3578500
2014-06-18,63.7400,63.7400,62.4200,62.9200,2391500
2014-06-17,62.5500,63.6800,62.5000,63.3000,2049800
2014-06-16,62.4500,62.9800,61.8400,62.5300,1574800
2014-06-13,63.7100,63.7100,62.0000,62.2900,2365700
2014-06-12,63.2800,63.5500,61.9801,62.2700,2707700
2014-06-11,64.4000,64.6500,63.5400,63.6800,2022300
2014-06-10,63.8700,64.5300,63.0850,64.4000,2869500
2014-06-09,63.2400,64.0800,63.2100,63.7000,3331900
2014-06-06,64.5200,64.6886,63.0100,63.1800,2596500
2014-06-05,63.0000,63.8100,62.4500,63.4000,3376300
2014-06-04,62.0900,62.7200,61.7900,62.5000,2965300
2014-06-03,62.0400,62.9500,61.7701,62.6900,1844800
2014-06-02,62.3600,62.5100,61.3100,62.4000,1841100
2014-05-30,62.3800,62.5600,61.7400,62.1000,1972700
2014-05-29,61.9400,62.5300,61.7500,62.0300,2097100
2014-05-28,62.5500,62.6699,61.5100,61.8100,2450500
2014-05-27,62.0100,62.6600,61.6900,62.4100,2926200
2014-05-23,60.8400,61.7900,60.1000,61.6600,2242200
2014-05-22,60.0300,61.1700,59.8900,60.5400,2069100
2014-05-21,60.8300,61.4100,59.6500,60.4100,3170500
2014-05-20,61.0300,61.5100,60.2700,60.7900,3183500
2014-05-19,60.1300,60.9900,60.0500,60.5400,4452500
2014-05-16,59.6000,60.5000,59.0800,60.2500,3855600
2014-05-15,59.4500,59.7280,57.7100,59.6500,5133100
2014-05-14,59.9900,60.5200,59.5000,59.5400,8447100
2014-05-13,62.8600,63.8500,60.4500,60.7100,3632900
2014-05-12,60.5000,63.4100,60.3700,62.6200,2929900
2014-05-09,60.3900,60.6600,59.2200,59.7700,1717500
2014-05-08,60.1000,62.1696,59.8000,60.7100,1993000
2014-05-07,60.5600,61.0900,59.4300,60.2200,1992600
2014-05-06,61.2400,61.5200,60.4200,60.5400,1704400
2014-05-05,61.7800,61.7800,60.6100,61.2200,1593600
2014-05-02,61.1600,62.2800,60.3900,61.7800,2552500
2014-05-01,59.6800,61.5300,59.6200,60.4600,2748300
2014-04-30,59.0900,59.6500,58.1200,59.6200,2234800
2014-04-29,58.5000,59.3800,57.6900,59.2400,2221000
2014-04-28,59.3500,59.4200,56.6100,58.0200,4083100
2014-04-25,61.4500,61.5500,58.5500,58.8700,4209500
2014-04-24,62.1000,62.5000,59.4000,62.0000,5078400
2014-04-23,61.0000,61.0900,60.0100,60.5200,3162600
2014-04-22,60.4700,61.2700,59.7000,60.6200,3116800
2014-04-21,59.2500,60.2500,57.6100,60.0850,3425100
2014-04-17,57.9500,59.1400,57.5100,58.2000,2445700
2014-04-16,58.5600,58.5600,56.5040,57.9100,1988300
2014-04-15,56.9600,58.3100,56.1900,57.6300,2737000
2014-04-14,56.5900,57.5300,55.6800,56.4000,2651700
2014-04-11,56.1000,57.9500,55.5200,56.2200,3301700
2014-04-10,59.7000,59.7000,57.2900,57.3700,2822600
2014-04-09,60.1200,60.8000,58.6100,59.3300,3436800
2014-04-08,57.2500,58.3700,55.9000,58.2400,4189800
2014-04-07,56.4800,57.2900,54.8000,55.7200,5889100
2014-04-04,62.6800,62.7400,57.0380,57.3300,7039800
2014-04-03,62.5300,63.3500,61.4100,61.9100,4302900
2014-04-02,61.9900,62.3100,60.6900,61.3400,3660600
2014-04-01,58.9900,61.2800,58.8100,60.9300,4070300
2014-03-31,58.3100,59.5750,57.8800,58.8100,2407400
2014-03-28,57.8300,59.0500,57.3060,57.6600,2552700
2014-03-27,58.4700,58.4700,56.0200,57.2600,3208100
2014-03-26,59.1200,60.3100,57.4300,58.0900,5298400
2014-03-25,57.1900,58.1000,56.5400,56.9500,2870200
2014-03-24,58.1900,58.6300,56.1300,56.4400,3254800
2014-03-21,60.3400,60.4800,57.5800,57.9700,3589400
2014-03-20,58.7400,59.8500,58.3100,59.8500,2191600
2014-03-19,58.9000,59.2200,58.3400,58.8600,2325900
2014-03-18,58.5600,59.1000,57.9300,58.7300,2657800
2014-03-17,57.9400,59.3600,57.9400,58.4100,2697900
2014-03-14,57.0100,58.2000,57.0100,57.6200,2814400
2014-03-13,57.8500,58.4000,56.4300,57.3500,3241800
2014-03-12,56.5100,57.7050,55.8950,57.5300,2152800
2014-03-11,58.0900,58.9100,56.4700,56.8100,2913200
2014-03-10,58.4800,58.8800,56.9500,57.1400,2924500
2014-03-07,60.0000,60.3700,57.8400,58.5600,4781000
2014-03-06,57.9000,59.9300,57.8100,59.9100,4943600
2014-03-05,57.9900,58.1699,56.9450,57.5800,2667000
2014-03-04,56.8600,57.9300,56.3900,57.8400,2490200
2014-03-03,55.7400,55.9900,54.9200,55.9100,1921500
2014-02-28,56.7000,56.8300,55.8000,56.2300,2293900
2014-02-27,55.7500,56.7699,55.4400,56.6000,2547900
2014-02-26,56.1000,56.7700,55.4400,55.5500,3704200
2014-02-25,55.9200,56.1000,55.0700,56.0200,2726700
2014-02-24,56.4400,56.7600,55.5400,55.5500,2982300
2014-02-21,57.1600,57.1700,55.5500,56.1510,3420100
2014-02-20,57.1000,57.8000,56.5800,56.7400,4482000
2014-02-19,56.9300,57.3800,56.5700,56.7900,3589000
2014-02-18,56.0000,56.8800,55.2700,56.7900,4098200
2014-02-14,55.0000,56.2400,54.1800,55.6000,6878500
2014-02-13,52.2000,54.0700,52.1000,53.6200,5198400
2014-02-12,52.0800,53.1700,52.0800,52.6300,2734100
2014-02-11,52.4200,52.5900,51.9900,52.0800,2586400
2014-02-10,51.3800,52.4451,51.3100,52.2400,4084600
2014-02-07,49.1800,52.0600,49.1800,52.0500,6752900
2014-02-06,47.2600,49.8800,46.5600,49.6000,6893800
2014-02-05,46.6300,47.1200,46.2975,47.0000,4924500
2014-02-04,46.7200,47.0200,45.7000,47.0000,2372400
2014-02-03,48.6300,48.6450,45.2172,45.8200,3867900
2014-01-31,47.5000,48.5490,47.1400,48.3500,2619400
2014-01-30,47.7600,48.3500,47.4600,47.8500,1695900
2014-01-29,46.7500,47.9400,46.6700,47.2600,3643100
2014-01-28,46.0000,47.1500,45.6800,46.6900,2218500
2014-01-27,45.9300,46.4200,45.4600,46.0000,3347300
2014-01-24,47.7900,47.8500,45.3800,45.5800,3619000
2014-01-23,47.3200,47.9000,47.0910,47.8500,2816100
2014-01-22,46.6200,47.8750,46.5000,47.8500,1876000
2014-01-21,47.7500,47.8000,46.3550,46.6600,2398500
2014-01-17,45.8500,47.2000,45.8500,46.7200,3245300
2014-01-16,45.5400,46.0600,45.1200,46.0000,2142000
2014-01-15,44.6400,45.6700,44.4200,45.3900,2820700
2014-01-14,43.2100,44.2100,43.0000,44.1200,6310300
2014-01-13,43.0600,43.4900,42.4200,42.9400,4311500
2014-01-10,43.3200,43.4500,42.7000,43.0000,4832200
2014-01-09,43.9500,44.2100,42.9000,43.0600,3617000
2014-01-08,43.1500,43.9200,42.9000,43.8300,2239000
2014-01-07,43.2900,43.5750,42.6800,42.9700,3207200
2014-01-06,43.9300,44.0000,42.7700,43.1200,2580000
2014-01-03,44.1100,44.3400,43.0800,43.5600,3634200
2014-01-02,44.7000,44.7000,43.6200,43.9200,3772700
2013-12-31,46.2500,46.3200,45.6200,45.9300,1314400
2013-12-30,45.3000,45.9700,45.1700,45.9500,1523700
2013-12-27,45.4300,45.7000,45.1150,45.3200,808400
2013-12-26,45.0700,45.3500,44.8900,45.1000,860000
2013-12-24,45.4200,45.5400,45.0500,45.0800,601700
2013-12-23,44.9600,45.4800,43.6600,45.2000,2564600
2013-12-20,43.0800,43.8300,43.0500,43.5200,10857500
2013-12-19,43.7500,43.7500,42.3800,43.1000,2433900
2013-12-18,43.3800,43.5200,42.3800,43.5200,3268400
2013-12-17,42.9600,43.7275,42.9100,43.4500,4808000
2013-12-16,42.5000,43.1100,42.5000,42.8400,2491300
2013-12-13,42.4300,42.7100,41.9300,42.5100,4625300
2013-12-12,42.0400,42.2900,41.6600,42.1800,3753500
2013-12-11,42.7600,42.7950,41.8500,41.9400,3364400
2013-12-10,42.6600,42.9100,42.3100,42.5000,8060400
2013-12-09,44.2300,44.5800,43.4300,43.5500,2032600
2013-12-06,44.0100,44.7500,44.0100,44.2300,2230500
2013-12-05,43.0100,43.9100,42.9400,43.8600,1434600
2013-12-04,42.7800,43.8700,42.5300,43.4500,2060900
2013-12-03,42.6000,43.1500,42.1500,42.9300,1922400
2013-12-02,42.4000,43.1100,41.9300,42.7800,3400300
2013-11-29,41.8900,42.7800,41.8500,42.5000,948300
2013-11-27,43.1900,43.1900,41.8100,42.0000,2455000
2013-11-26,41.7000,42.8500,40.7800,42.4800,3862300
2013-11-25,41.1500,41.3300,40.2400,40.4500,1933900
2013-11-22,41.0000,41.3300,40.6000,41.0600,876500
2013-11-21,40.7400,41.1100,40.5200,41.0000,1550100
2013-11-20,40.4200,40.7200,40.1800,40.4500,1365000
2013-11-19,40.9700,41.3700,40.2900,40.3200,1807300
2013-11-18,41.8100,42.2200,41.0700,41.1700,1779400
2013-11-15,41.9500,41.9900,41.3600,41.9800,1204300
2013-11-14,42.7182,42.7182,41.0700,41.5300,1095000
2013-11-13,40.9100,41.6900,40.8200,41.6800,1001400
2013-11-12,41.0800,41.5900,40.7900,41.2200,1037600
2013-11-11,41.3500,41.7700,41.1000,41.3400,1765400
2013-11-08,40.6000,41.7100,40.5100,41.5900,1800500
2013-11-07,41.8400,42.4999,40.6000,40.7200,2691800
2013-11-06,42.4100,42.7700,42.0200,42.0900,1736200
2013-11-05,42.2000,42.8200,42.0200,42.4400,2044000
2013-11-04,40.9600,42.7600,40.9400,42.4750,2714800
2013-11-01,42.0100,42.5000,41.7300,42.1800,2302900
2013-10-31,41.1200,42.6300,41.0100,42.1400,3062500
2013-10-30,41.9800,42.5500,41.2500,41.2910,3292500
2013-10-29,41.0000,42.2500,40.9000,41.9700,5723300
2013-10-28,39.8500,41.3000,39.8000,41.0200,4288600
2013-10-25,39.4100,40.2400,39.3600,39.9000,4581700
2013-10-24,39.1400,41.0200,38.7500,39.5800,12316400
2013-10-23,37.0000,37.0000,35.0900,36.0300,7029600
2013-10-22,38.1500,38.3200,37.1500,37.2900,3136100
2013-10-21,38.4200,38.4899,38.1000,38.2900,1388500
2013-10-18,38.4900,38.4900,37.3500,37.9100,2602800
2013-10-17,37.1800,37.9300,37.0500,37.5200,2442300
2013-10-16,37.1200,38.1700,37.1200,37.9500,1635700
2013-10-15,38.2500,38.5000,37.4400,37.4700,1385500
2013-10-14,38.0900,38.4900,37.6650,38.2400,1170800
2013-10-11,37.5900,38.4500,37.3600,38.1800,2974000
2013-10-10,37.1000,37.7700,37.0300,37.3250,3014600
2013-10-09,36.0800,36.9400,36.0300,36.6300,3782200
2013-10-08,37.7100,38.1400,36.4200,36.5800,5057200
2013-10-07,38.3000,38.5600,37.8500,37.9000,2078400
2013-10-04,38.5000,38.7000,37.9100,38.6700,3103300
2013-10-03,37.9400,38.0700,37.4300,37.8600,1844000
2013-10-02,37.6100,38.0100,37.3100,37.8200,2150500
2013-10-01,37.4900,37.9000,37.4400,37.8800,1042300
2013-09-30,36.7100,37.3650,36.7100,37.2100,1283200
2013-09-27,37.3000,37.3400,37.0400,37.2200,835700
2013-09-26,37.2900,37.7700,37.1000,37.3000,956400
2013-09-25,37.6400,37.9000,37.1400,37.1500,1358600
2013-09-24,37.1300,37.6900,36.9300,37.4500,1608800
2013-09-23,37.9600,38.1000,36.8300,37.0200,2360200
2013-09-20,37.7900,38.3500,37.7700,38.0800,4765900
2013-09-19,37.6800,37.9100,37.5300,37.5800,1790600
2013-09-18,37.9600,38.0000,37.2400,37.6800,3595500
2013-09-17,37.9200,38.0801,37.7200,37.7900,1679200
2013-09-16,37.8300,38.0800,37.5900,37.7400,4006400
2013-09-13,37.2500,37.6950,37.1000,37.6500,8189200
2013-09-12,38.8100,38.9700,37.9100,38.0200,2755200
2013-09-11,39.0000,39.0800,38.5100,38.8100,947000
2013-09-10,38.7400,39.1500,38.6500,39.1100,1671800
2013-09-09,38.4700,38.7950,38.2480,38.5100,2365600
2013-09-06,39.4600,39.4600,37.8000,38.0800,2470900
2013-09-05,38.6800,39.4400,38.6000,38.9900,1270100
2013-09-04,37.8000,38.9300,37.7000,38.7900,1971800
2013-09-03,38.1100,38.2400,37.6500,37.9200,1314900
2013-08-30,38.5600,38.8199,36.8900,37.1700,1538700
2013-08-29,37.4600,38.0800,36.9000,37.9300,3170000
2013-08-28,35.3000,37.3150,35.0100,37.2400,3395000
2013-08-27,35.6700,36.0000,35.0300,35.4700,2049100
2013-08-26,36.1400,36.5700,35.8300,36.3000,1722300
2013-08-23,36.1300,36.4600,35.7775,36.1500,1639400
2013-08-22,35.1400,36.3850,35.0600,36.0700,1626800
2013-08-21,35.3500,35.3500,34.6600,34.7800,1968000
2013-08-20,35.5000,35.8500,35.2100,35.5300,1407100
2013-08-19,35.6600,35.9700,35.3400,35.3900,1986900
2013-08-16,34.7000,35.7600,34.7000,35.4400,3148400
2013-08-15,35.8100,35.8975,34.8600,34.9000,1569100
2013-08-14,35.7200,36.6100,35.5000,36.0100,1941800
2013-08-13,36.0000,36.2100,35.4700,35.8000,1635100
2013-08-12,35.7050,35.9400,35.0000,35.9400,1684600
2013-08-09,35.7000,35.9300,35.1200,35.1800,1870700
2013-08-08,35.5100,36.0000,35.3300,35.5800,4972000
2013-08-07,34.8500,35.2900,34.5500,35.2700,1976000
2013-08-06,35.8500,35.8500,35.0800,35.1400,1640000
2013-08-05,35.8400,36.2700,35.4700,35.7800,2028700
2013-08-02,34.8100,35.9300,34.2700,35.7700,3034400
2013-08-01,32.9500,34.9600,32.5900,34.8300,5149800
2013-07-31,33.2600,33.7000,32.6400,32.6500,2671300
2013-07-30,33.1000,33.2400,32.8850,33.1350,1779000
2013-07-29,32.8900,33.4200,32.8900,33.1400,1244800
2013-07-26,33.0300,33.3700,32.8690,33.2700,1569300
2013-07-25,32.7600,33.7900,32.7600,33.2500,3188700
2013-07-24,33.9000,34.3900,33.4900,33.5200,2159400
2013-07-23,33.3800,34.1600,33.2000,33.8800,2733600
2013-07-22,32.6800,33.1400,32.4100,32.9600,1462400
2013-07-19,32.9500,32.9800,32.5200,32.6900,2970900
2013-07-18,33.5200,33.8100,33.0400,33.0900,2702900
2013-07-17,33.3600,33.9400,33.3100,33.6700,1547000
2013-07-16,32.7800,33.3200,32.7800,33.3100,1336400
2013-07-15,32.5900,32.9300,32.4900,32.8600,900300
2013-07-12,32.1500,32.5400,31.9850,32.5300,1788300
2013-07-11,31.9600,32.5000,31.6100,32.1500,1695700
2013-07-10,31.7100,31.9300,31.5400,31.6500,1469600
2013-07-09,31.5800,32.0000,31.4700,31.6710,1107800
2013-07-08,32.4900,32.5800,31.2750,31.3900,2588500
2013-07-05,31.8900,32.4000,31.6901,32.3500,1101700
2013-07-03,31.1800,31.6700,31.1100,31.6400,538900
2013-07-02,31.0100,31.8300,31.0100,31.3500,1156300
2013-07-01,31.4400,31.5700,30.9800,31.1800,1038100
2013-06-28,30.8900,31.4700,30.8200,31.0200,2502800
2013-06-27,30.6000,31.3250,30.4169,31.1200,1860200
2013-06-26,30.2300,30.3200,29.8400,30.1700,1247900
2013-06-25,29.4500,29.9400,29.4000,29.9010,2158100
2013-06-24,30.4000,30.5900,29.0300,29.1500,6872600
2013-06-21,30.7200,30.9200,30.3000,30.9000,4313000
2013-06-20,31.0900,31.3600,30.1900,30.5500,4552100
2013-06-19,31.9000,32.0000,31.5000,31.6400,1837000
2013-06-18,31.5200,32.0500,31.2800,32.0100,1708900
2013-06-17,30.9900,31.3600,30.8700,31.2200,2022500
2013-06-14,30.1700,30.7100,30.0700,30.6000,2630300
2013-06-13,29.1900,30.3600,29.1400,30.3100,1254000
2013-06-12,29.9400,29.9510,29.1500,29.3800,2464600
2013-06-11,30.0600,30.4400,29.7200,29.7300,1367800
2013-06-10,30.7700,31.0600,30.3900,30.5800,1434300
2013-06-07,30.3100,30.7300,29.9900,30.5900,1294900
2013-06-06,30.4300,30.7300,29.7210,30.1000,1681600
2013-06-05,31.0000,31.3000,30.5700,30.5700,2425100
2013-06-04,30.7700,31.8200,30.6101,31.4500,3602700
2013-06-03,31.1600,31.1800,29.9800,30.4900,1973200
2013-05-31,31.3700,31.4000,30.8000,30.8500,2485200
2013-05-30,30.3200,31.4900,30.2800,31.4200,3419500
2013-05-29,30.3900,30.8800,30.0600,30.5800,3225000
2013-05-28,30.1100,30.7500,29.7600,30.3100,3057300
2013-05-24,29.1400,29.7600,28.8900,29.6500,2086200
2013-05-23,28.7300,29.1500,28.5200,29.1500,2455400
2013-05-22,29.9500,30.1400,28.9700,29.2500,2868200
2013-05-21,30.2700,30.3200,29.8975,30.0000,1488200
2013-05-20,30.2500,30.5900,29.8950,30.1700,1817600
2013-05-17,30.2500,30.3100,29.8400,30.2000,3177900
2013-05-16,30.6400,31.0000,30.1400,30.1700,2362500
2013-05-15,30.0000,31.0100,30.0000,30.7800,3019500
2013-05-14,29.5500,30.3200,29.3400,30.2400,2338100
2013-05-13,29.7200,30.1401,29.5400,29.6800,2213300
2013-05-10,29.1200,30.3900,29.0700,30.2200,4379400
2013-05-09,28.8300,29.5150,28.7850,29.2300,2872000
2013-05-08,28.5400,29.1400,28.4100,29.0400,3675600
2013-05-07,28.1100,28.6100,28.0800,28.5400,1979500
2013-05-06,28.0600,28.8700,28.0300,28.2100,2828600
2013-05-03,28.2100,28.4200,27.7700,28.0200,2753700
2013-05-02,26.8600,27.4000,26.8600,27.2400,2170000
2013-05-01,28.0300,28.0300,26.6900,26.7600,4159900
2013-04-30,27.5101,27.7600,27.4300,27.5500,2130600
2013-04-29,27.3500,28.0100,27.0400,27.6000,2224700
2013-04-26,27.1700,27.6050,27.0400,27.3300,3980200
2013-04-25,27.1700,27.8500,27.1200,27.4700,5739300
2013-04-24,26.8100,27.2500,26.2400,27.1500,4992600
2013-04-23,26.4500,27.0300,24.7800,26.7400,12805400
2013-04-22,25.2400,26.0400,24.6590,25.7700,6043100
2013-04-19,25.8000,25.8000,24.8100,25.2900,4981300
2013-04-18,27.0900,27.0900,25.3700,25.4200,5261000
2013-04-17,28.0000,28.2300,26.3000,26.5600,6311200
2013-04-16,27.9500,28.6300,27.5100,28.5700,4517400
2013-04-15,28.9500,28.9500,27.4300,27.4400,5464700
2013-04-12,29.4700,29.7600,28.9000,29.1400,2631300
2013-04-11,29.7900,30.1600,29.4100,29.8550,3039100
2013-04-10,29.6700,30.2700,29.3401,30.0000,2151900
2013-04-09,29.2200,30.0250,29.0400,29.6900,3129900
2013-04-08,28.6500,28.9100,28.1300,28.8950,2827200
2013-04-05,27.6900,28.6100,27.2000,28.5500,4015200
2013-04-04,27.5600,28.3100,27.5000,28.2000,4060000
2013-04-03,28.5800,28.8475,26.9600,27.5000,4541800
2013-04-02,29.1500,29.3300,28.1300,28.4200,2733500
2013-04-01,30.2700,30.2900,28.8500,28.8600,2737400
2013-03-28,30.0100,30.3200,29.8500,30.2900,1421300
2013-03-27,29.6200,30.0200,29.2300,29.8600,2362900
2013-03-26,29.9800,30.0400,29.6700,29.8500,1861900
2013-03-25,30.0000,30.0800,29.6801,29.9200,1708400
2013-03-22,30.1600,30.4700,29.7100,29.9200,2497100
2013-03-21,29.5500,29.9000,29.4300,29.5000,1348200
2013-03-20,29.8800,30.1400,29.6200,29.9500,2464300
2013-03-19,30.0700,30.3300,29.5400,29.6750,4176100
2013-03-18,30.6600,30.8310,29.4600,29.7200,6655800
2013-03-15,31.3100,31.5400,31.0000,31.2100,4057400
2013-03-14,31.2800,31.7700,31.1500,31.5400,2562800
2013-03-13,31.4000,31.5240,30.8700,31.2300,2242100
2013-03-12,31.4000,31.5300,31.1100,31.3200,2107900
2013-03-11,31.7500,31.9100,31.3200,31.5900,3618400
2013-03-08,31.3300,31.6000,30.9500,31.4300,7043300
2013-03-07,32.3500,32.8699,31.9700,32.0300,2129400
2013-03-06,32.5100,32.7400,32.1005,32.1900,962900
2013-03-05,32.2100,32.5700,32.0000,32.4800,1940500
2013-03-04,31.8400,31.9500,31.3100,31.7600,2086100
2013-03-01,31.8400,32.4000,31.3000,32.1900,2050600
2013-02-28,32.3400,32.9900,32.3000,32.3200,1463800
2013-02-27,31.5700,32.5200,31.5500,32.3000,1614300
2013-02-26,31.6800,31.7300,30.7000,31.3600,1916500
2013-02-25,31.8100,32.2450,31.4400,31.4400,3137100
2013-02-22,30.9500,31.8000,30.9500,31.5500,1576000
2013-02-21,31.5800,31.6200,30.6500,31.0200,2331000
2013-02-20,32.7100,32.7700,31.4500,31.5200,1672900
2013-02-19,32.2600,32.9900,32.1600,32.7100,1958400
2013-02-15,32.6400,32.7400,31.8500,32.2500,1449300
2013-02-14,32.6200,32.8800,32.4200,32.6500,1096300
2013-02-13,32.5500,32.9550,32.2800,32.7950,2638300
2013-02-12,32.0000,32.8301,31.8200,32.5700,2328900
2013-02-11,31.4800,32.3500,31.3100,32.1100,2964000
2013-02-08,30.6100,32.1200,30.5600,31.9600,5382600
2013-02-07,30.4500,30.5200,29.8000,30.4800,2353200
2013-02-06,29.7600,30.4500,29.6400,30.4500,3758300
2013-02-05,29.7900,30.0500,29.5100,29.8200,3938100
2013-02-04,30.3300,30.4000,29.3500,29.3500,10692600
2013-02-01,30.3000,31.2800,30.2500,30.7600,1999100
2013-01-31,30.3300,30.7000,28.4000,30.0000,4760900
2013-01-30,29.5600,30.4600,29.4100,29.9800,2357200
2013-01-29,30.1300,30.5300,29.4200,29.5100,2344600
2013-01-28,30.1500,30.6150,30.1200,30.5000,3074700
2013-01-25,29.7000,30.2700,29.5800,30.0900,2469300
2013-01-24,29.6200,29.9150,29.2400,29.5100,1619000
2013-01-23,29.3300,29.6700,29.2900,29.5000,2899600
2013-01-22,29.8800,29.9000,29.1600,29.2100,1146100
2013-01-18,29.9600,29.9600,29.2900,29.6300,1623800
2013-01-17,29.3400,30.0800,29.0000,29.9800,3883500
2013-01-16,28.3300,29.8100,28.3000,29.3000,4426800
2013-01-15,28.3500,28.5100,28.0700,28.2900,855800
2013-01-14,28.0900,28.5100,27.7500,28.3700,1739900
2013-01-11,28.2500,29.0000,27.6600,28.0000,2932500
2013-01-10,27.2100,28.5100,27.1650,28.3100,2823800
2013-01-09,26.6000,26.9900,26.4800,26.9100,1197200
2013-01-08,27.2300,27.4800,26.5100,26.5510,771500
2013-01-07,27.1600,27.5300,26.8900,27.1400,1030400
2013-01-04,27.5900,27.7761,27.0300,27.3400,939300
2013-01-03,27.5500,28.0700,27.5000,27.6900,1502800
2013-01-02,27.1000,28.0000,27.0000,27.8300,1988600
2012-12-31,25.5000,26.5000,25.3000,26.3201,791600
2012-12-28,25.2400,25.7500,25.1300,25.3600,370500
2012-12-27,25.6100,25.6100,25.0600,25.4300,597300
2012-12-26,25.4600,25.9700,25.3500,25.4400,371400
2012-12-24,25.1200,25.7600,25.1200,25.4000,257300
2012-12-21,25.2200,25.5400,24.7500,25.3500,1099800
2012-12-20,25.7400,26.0800,25.5000,26.0600,759800
2012-12-19,25.9100,26.2000,25.5600,25.8500,600800
2012-12-18,25.4200,26.2000,25.3907,25.9900,1181500
2012-12-17,24.5700,25.4400,24.5000,25.3900,846100
2012-12-14,24.8200,24.9700,24.5000,24.5000,772700
2012-12-13,24.9600,25.3100,24.8100,24.9900,759100
2012-12-12,24.9900,25.4300,24.9400,25.1200,886100
2012-12-11,24.0800,25.6000,24.0800,25.0400,1738900
2012-12-10,23.2500,23.8900,23.2500,23.8200,354900
2012-12-07,23.8000,24.0000,23.2000,23.3100,1073500
2012-12-06,24.4800,24.4900,23.8500,24.0000,803800
2012-12-05,24.3000,24.5200,24.0000,24.4900,545000
2012-12-04,24.3900,24.5500,24.0300,24.1300,488000
2012-12-03,24.7100,24.7100,24.2250,24.3300,701800
2012-11-30,24.9200,25.0900,24.3400,24.4800,581400
2012-11-29,24.5900,25.1000,24.3421,24.9700,724100
2012-11-28,23.5000,24.3800,23.3400,24.1900,944900
2012-11-27,24.0500,24.4300,23.6815,23.8800,807600
2012-11-26,23.6600,24.1900,23.5700,23.9800,628100
2012-11-23,23.3900,24.1200,23.3900,24.0000,570000
2012-11-21,23.3500,23.5700,22.8300,23.3500,851000
2012-11-20,23.4500,23.4500,22.7200,23.3000,1086600
2012-11-19,23.2200,23.7000,23.0500,23.5100,994200
2012-11-16,23.2000,23.2000,22.5900,22.6900,1678400
2012-11-15,24.1900,24.4050,22.9000,22.9900,2461300
2012-11-14,24.7600,24.7700,23.9900,24.1200,951500
2012-11-13,24.5100,24.9900,24.4600,24.4600,668300
2012-11-12,25.0100,25.3100,24.8800,25.2000,788800
2012-11-09,24.8100,25.1800,24.7400,25.0300,2183400
2012-11-08,25.5400,25.7800,25.2101,25.3300,1328900
2012-11-07,25.4000,25.7000,25.0500,25.4100,2041400
2012-11-06,25.7300,25.9800,25.5000,25.7600,3191200
2012-11-05,25.0200,26.1083,24.8600,25.8200,1728400
2012-11-02,25.4200,26.0950,25.3900,25.6900,2082100
2012-11-01,23.7500,26.3800,23.6410,26.1900,3927600
2012-10-31,24.0000,24.2600,23.7900,24.2600,1789300
2012-10-26,23.0600,24.0900,23.0600,24.0200,2060900
2012-10-25,22.1300,24.0100,22.0000,23.4900,6119900
2012-10-24,22.6200,22.9699,20.5700,20.9300,5857400
2012-10-23,21.4200,22.7400,21.2200,22.6200,2040900
2012-10-22,22.3700,22.4700,21.4000,21.7200,1912100
2012-10-19,22.9500,23.1720,22.0200,22.2090,1551200
2012-10-18,22.7900,23.6000,22.6500,23.2000,1661600
2012-10-17,23.2000,23.5000,22.9000,23.1900,1012900
2012-10-16,23.0600,23.6300,23.0000,23.4300,950100
2012-10-15,22.1000,23.0900,22.1000,22.9400,2328300
2012-10-12,22.9900,22.9900,21.6900,21.9600,3517500
2012-10-11,23.8000,23.8000,22.6300,22.7000,3513700
2012-10-10,23.7700,23.7900,22.8616,23.2000,4578200
2012-10-09,25.0000,25.0000,24.3800,24.4600,1021200
2012-10-08,25.1900,25.4600,24.7500,25.0300,756900
2012-10-05,24.6300,25.6000,24.6200,25.2800,1235100
2012-10-04,24.8300,24.8300,24.3900,24.5500,1174600
2012-10-03,25.4300,25.4300,24.5100,24.5500,1171800
2012-10-02,25.0400,25.3900,24.7100,25.0400,641000
2012-10-01,25.1600,25.4800,24.8200,25.1000,1355000
2012-09-28,25.0000,25.4800,24.6100,25.0100,1671300
2012-09-27,24.0000,25.6500,23.7800,25.3700,2333500
2012-09-26,24.3500,24.4250,23.2200,23.7600,2515400
2012-09-25,25.7200,26.0000,24.0800,24.2000,2184100
2012-09-24,25.1300,25.5900,24.8000,25.4200,1276300
2012-09-21,25.9700,26.4699,25.6900,25.7100,1022500
2012-09-20,26.1900,26.2399,25.4100,25.8400,1366600
2012-09-19,26.4600,26.6510,26.1600,26.3200,986800
2012-09-18,26.5400,26.9100,25.8000,26.6300,1492400
2012-09-17,26.5000,26.6000,25.8600,26.4700,1422500
2012-09-14,26.7500,27.9600,26.4200,26.6700,3655700
2012-09-13,24.1800,26.4600,24.1300,26.4270,4838500
2012-09-12,24.6700,25.3800,24.3200,25.0100,3810600
2012-09-11,23.7200,24.7200,23.6400,24.6700,2163500
2012-09-10,24.7500,24.7900,23.4150,23.5500,1708800
2012-09-07,24.3500,25.0750,24.0600,24.8200,1472500
2012-09-06,23.5100,24.5000,23.4601,24.4700,1696800
2012-09-05,23.5800,23.5800,22.9800,23.2300,1355400
2012-09-04,23.4100,23.4100,22.7800,22.9600,1362200
2012-08-31,23.1700,23.5000,22.9800,23.3200,1465900
2012-08-30,23.2500,23.3391,22.6000,22.8200,1700400
2012-08-29,23.6400,23.9700,23.2300,23.5100,1282300
2012-08-28,24.4000,25.3000,23.1600,23.8200,3750500
2012-08-27,23.9900,24.6000,23.6400,24.5100,1971400
2012-08-24,23.7700,23.9600,23.4250,23.7400,976000
2012-08-23,23.7500,24.0500,23.5000,23.7200,1334500
2012-08-22,23.9700,23.9700,23.1899,23.7270,3167000
2012-08-21,25.0500,25.1600,24.0500,24.3000,2476500
2012-08-20,25.8500,25.9300,24.7000,24.9600,2287700
2012-08-17,25.9300,26.2400,25.6638,26.0400,2135100
2012-08-16,25.3700,25.8500,24.9200,25.7400,2013900
2012-08-15,24.0800,25.2000,24.0200,25.0100,1976300
2012-08-14,24.1100,24.7950,24.0100,24.5400,1781900
2012-08-13,24.4200,24.4900,23.4000,23.9900,979900
2012-08-10,23.5900,24.2700,23.4850,24.2600,1021600
2012-08-09,23.7400,23.9700,23.5000,23.7300,1176700
2012-08-08,23.9400,24.1900,23.5200,23.8100,1404700
2012-08-07,23.4900,24.7300,23.1650,24.2600,4004300
2012-08-06,22.4400,23.1600,21.9200,22.8500,2686000
2012-08-03,22.1000,22.7000,21.6850,22.3000,1852700
2012-08-02,21.9400,22.0700,21.3000,21.5500,1107900
2012-08-01,22.8700,22.8700,21.8500,22.0600,1034300
2012-07-31,23.1800,23.2200,22.2540,22.5900,1648700
2012-07-30,23.8200,24.3100,22.8500,23.1200,1774000
2012-07-27,23.5000,23.9000,23.2600,23.8200,1638100
2012-07-26,23.0000,23.2400,21.8500,23.0600,2652100
2012-07-25,22.2800,23.2400,22.1700,22.4700,1629500
2012-07-24,22.3000,22.7200,20.0700,22.6200,4438200
2012-07-23,21.3000,22.2600,20.8400,21.9800,2456300
2012-07-20,22.9200,22.9800,22.1400,22.4100,1578200
2012-07-19,22.4400,23.1199,22.2000,22.9400,2241400
2012-07-18,20.0000,22.0000,19.9400,21.8600,1745900
2012-07-17,20.4700,20.6700,19.7200,20.0300,1002200
2012-07-16,20.3000,20.4300,19.8700,20.3700,789200
2012-07-13,20.4500,20.4900,19.6609,20.3800,1652000
2012-07-12,20.7100,20.9475,19.9300,20.2200,1488300
2012-07-11,21.0800,21.4500,20.7400,20.9800,804200
2012-07-10,22.1300,22.3700,20.9800,21.1600,1460500
2012-07-09,22.4900,22.5500,21.8745,22.1300,1178700
2012-07-06,22.8500,22.9600,22.1700,22.3400,1555200
2012-07-05,23.5400,23.5900,22.5109,23.1400,1255600
2012-07-03,23.1400,23.7100,23.0800,23.5700,555700
2012-07-02,23.6500,23.8100,22.8900,23.1100,1217300
2012-06-29,22.5400,24.2000,22.3100,23.2300,2474500
2012-06-28,21.2400,21.5500,20.9900,21.4800,861800
2012-06-27,21.1800,21.4200,20.8900,21.3300,856100
2012-06-26,20.7200,21.0600,20.5000,21.0100,1132000
2012-06-25,20.8400,21.0200,20.4100,20.7000,915400
2012-06-22,20.4000,21.5000,20.2700,21.3200,1341800
2012-06-21,21.4100,21.4300,20.1400,20.2000,1266900
2012-06-20,21.0000,21.6900,20.8500,21.5700,1252800
2012-06-19,20.8100,21.3900,20.6800,21.0800,1005000
2012-06-18,20.3000,20.8400,19.9700,20.6200,706000
2012-06-15,20.1400,20.6200,20.1200,20.4000,891700
2012-06-14,19.9300,20.3000,19.3200,20.1800,1617100
2012-06-13,20.0600,20.5700,19.7900,19.9500,1218900
2012-06-12,19.9000,20.3400,19.6800,20.2400,1475000
2012-06-11,20.7600,20.7600,19.6300,19.7800,1535100
2012-06-08,19.8900,20.4400,19.6800,20.2500,1837100
2012-06-07,20.6100,20.8300,19.8600,19.8800,1755500
2012-06-06,19.8000,20.3300,19.5700,20.1800,2086200
2012-06-05,18.8100,19.4700,18.8000,19.3900,1666500
2012-06-04,19.5600,19.8600,18.5700,18.8100,1958200
2012-06-01,20.5000,20.6800,19.2800,19.4100,1964000
2012-05-31,21.6500,21.6500,20.7400,21.1100,1179800
2012-05-30,21.9600,21.9600,21.4400,21.5300,924300
2012-05-29,22.1000,22.5601,21.9700,22.2500,1533700
2012-05-25,21.4000,21.9300,21.2520,21.8400,1722200
2012-05-24,21.8000,21.9100,21.2050,21.2500,1775200
2012-05-23,20.8100,21.8300,20.6700,21.8100,1034300
2012-05-22,21.1800,21.4800,20.9100,21.1300,968400
2012-05-21,19.7800,21.2400,19.7500,21.0800,1885200
2012-05-18,20.4900,20.6200,19.5700,19.6500,2266900
2012-05-17,21.3600,21.6693,20.3550,20.4600,1956200
2012-05-16,23.1800,23.1800,21.4000,21.5100,2429400
2012-05-15,23.2800,23.6400,22.7700,22.9500,1374000
2012-05-14,23.8200,23.9600,23.1750,23.4000,1070800
2012-05-11,23.1100,24.3500,23.1100,24.0900,1296200
2012-05-10,23.7600,23.8000,23.1600,23.5300,1351600
2012-05-09,23.5300,23.7700,22.9000,23.5300,1674700
2012-05-08,23.9700,24.1600,23.0000,24.1000,1475600
2012-05-07,24.1800,24.2500,23.7509,23.9400,656300
2012-05-04,25.3100,25.5500,24.2700,24.3700,884500
2012-05-03,25.8100,26.1000,25.1800,25.3400,1109000
2012-05-02,25.4000,26.0200,25.2000,26.0000,1187700
2012-05-01,25.5000,26.0100,25.4100,25.7600,1058100
2012-04-30,26.3200,26.3200,25.6500,25.8500,922900
2012-04-27,25.8000,26.6800,25.5300,26.3200,2673700
2012-04-26,24.2300,25.2000,24.0900,25.0200,2077000
2012-04-25,24.4900,24.7500,23.7200,24.0650,2022300
2012-04-24,23.6000,24.2000,23.4300,23.8970,1439000
2012-04-23,23.0100,23.5200,22.5600,23.4300,1321900
2012-04-20,24.4500,24.4500,23.0650,23.1900,3032100
2012-04-19,24.9800,25.3400,24.0500,24.0900,1673800
2012-04-18,24.6700,25.2300,24.3600,25.0200,1127200
2012-04-17,25.0000,25.4800,24.9400,24.9600,1719500
2012-04-16,24.4600,24.9100,23.8000,24.7400,1104500
2012-04-13,24.5000,24.7100,23.9500,24.1500,807500
2012-04-12,23.9400,24.8600,23.9000,24.8000,1822700
2012-04-11,24.0000,24.2500,23.6800,23.8600,2403500
2012-04-10,25.0000,25.8300,23.6200,23.7100,2338200
2012-04-09,25.5000,25.6500,24.6800,25.1600,1328000
2012-04-05,25.6419,26.0500,25.3700,25.7600,1542200
2012-04-04,25.3000,25.7000,24.2000,25.5000,1977600
2012-04-03,25.8900,26.1100,25.1400,25.4000,1923800
2012-04-02,26.3000,26.3700,25.5900,26.1200,1052300
2012-03-30,26.7400,27.0200,26.0200,26.6100,1165200
2012-03-29,26.6500,26.7900,25.6800,26.6100,1084900
2012-03-28,26.9900,26.9900,26.4600,26.8900,810200
2012-03-27,26.9200,27.4400,26.7000,26.9100,722700
2012-03-26,27.2700,27.4300,26.5800,26.8700,1626900
2012-03-23,26.0700,26.9800,25.9600,26.9700,1352100
2012-03-22,25.8900,26.3400,25.4000,26.2700,1360200
2012-03-21,25.8200,26.3900,25.5200,26.0500,771000
2012-03-20,26.0000,26.1700,25.5600,25.8600,810300
2012-03-19,26.2300,26.4100,25.7200,26.3300,1223700
2012-03-16,25.6100,26.4000,25.4000,26.2700,1305000
2012-03-15,25.7300,26.0600,25.3900,25.6200,988000
2012-03-14,25.8400,26.6501,25.3900,25.6600,2904900
2012-03-13,25.0600,25.2000,24.6800,24.8700,1170600
2012-03-12,25.4700,25.8000,24.5300,24.5800,1418300
2012-03-09,25.1600,25.7400,25.0000,25.6400,1875100
2012-03-08,23.9600,25.1300,23.7900,24.9700,2723600
2012-03-07,22.6900,24.1700,22.5500,23.4700,2058700
2012-03-06,22.7500,22.8200,22.0500,22.5450,2308400
2012-03-05,23.6400,23.6500,22.7500,23.0500,1195700
2012-03-02,24.1900,24.6800,23.5000,23.5900,1194300
2012-03-01,24.9000,25.3900,24.2200,24.2900,1303400
2012-02-29,25.1600,25.2150,24.6400,24.8000,1444100
2012-02-28,24.7600,25.2000,24.7200,25.0900,1578800
2012-02-27,24.5500,24.9800,24.2210,24.8900,1587800
2012-02-24,24.9400,25.3000,24.5500,24.9800,2319300
2012-02-23,23.2000,24.7400,22.7000,24.5500,1926800
2012-02-22,24.0300,24.2000,23.1200,23.6500,1324500
2012-02-21,25.4600,25.4600,24.0500,24.2500,1213900
2012-02-17,25.8300,25.8300,24.8700,25.3700,1672000
2012-02-16,24.8000,25.9100,24.7100,25.8300,1955900
2012-02-15,23.8800,25.0400,23.4000,24.9500,2710300
2012-02-14,22.3700,23.9001,22.3700,23.6500,1786900
2012-02-13,22.1500,22.6700,21.7100,22.6200,1855200
2012-02-10,23.1700,23.4400,21.5400,21.6300,2873500
2012-02-09,21.8500,22.0700,21.4600,21.9900,1084100
2012-02-08,21.9600,22.1900,21.7314,21.8800,733200
2012-02-07,21.6500,22.0100,21.0301,21.7800,1215300
2012-02-06,22.5300,22.6800,21.6800,21.7400,1433500
2012-02-03,22.6000,23.0400,22.2600,22.7500,1697600
2012-02-02,22.3400,22.5500,21.9500,22.0550,1061200
2012-02-01,21.6000,22.3500,21.4800,22.0700,1255200
2012-01-31,21.0900,21.7800,21.0200,21.2300,1296700
2012-01-30,21.2300,21.2300,20.4400,20.8700,1267400
2012-01-27,21.1200,21.9000,21.0800,21.7700,873100
2012-01-26,21.7000,21.7500,21.0700,21.3000,2012700
2012-01-25,21.9400,22.0000,21.0200,21.0400,1607600
2012-01-24,20.4500,21.8350,20.2500,21.7500,1799500
2012-01-23,20.4100,20.6700,20.1200,20.5500,1392300
2012-01-20,19.0000,20.6283,18.9400,20.5550,2046600
2012-01-19,19.1900,19.6300,18.8300,19.2400,3272500
2012-01-18,17.5400,19.7200,17.5200,18.9800,3587900
2012-01-17,17.2900,17.6000,17.0300,17.1900,934200
2012-01-13,17.3900,17.5300,16.4400,17.1600,2204700
2012-01-12,17.5300,18.0000,17.4000,17.6000,1588300
2012-01-11,17.4400,17.7200,17.0100,17.5800,1548200
2012-01-10,17.8600,18.0000,17.1300,17.4400,1212800
2012-01-09,17.0000,17.8600,16.7800,17.6800,1448200
2012-01-06,16.4600,16.9600,15.8800,16.9000,1570600
2012-01-05,15.9500,16.5000,15.8200,16.5000,802400
2012-01-04,15.8600,16.1700,15.7200,16.1700,629200
2012-01-03,15.7800,16.1800,15.6300,16.0100,885600
2011-12-30,15.3400,15.4400,15.1100,15.3700,797900
2011-12-29,15.1000,15.7500,15.0000,15.4100,756500
2011-12-28,15.7100,15.9100,15.0700,15.1400,805200
2011-12-27,15.7100,16.0000,15.6500,15.7800,803900
2011-12-23,15.8400,15.9600,15.6000,15.8200,648400
2011-12-22,14.8000,15.9000,14.7400,15.8000,1869100
2011-12-21,14.9200,15.0000,14.4200,14.7600,1266300
2011-12-20,14.7100,15.0400,14.6000,14.9500,2008900
2011-12-19,15.4000,15.4699,14.2700,14.3200,1270300
2011-12-16,15.4600,15.9150,15.2000,15.3100,958600
2011-12-15,15.5700,15.6300,15.1700,15.2900,2073800
2011-12-14,15.4500,15.5000,14.7300,15.1400,2015300
2011-12-13,16.7600,16.8300,14.8520,15.3500,2828800
2011-12-12,17.2500,17.3420,16.4000,16.5900,1524700
2011-12-09,17.8300,17.9800,17.0900,17.6400,1528700
2011-12-08,18.2200,18.6800,17.7300,17.8000,1356100
2011-12-07,17.5600,18.8800,17.2400,18.5500,2033600
2011-12-06,17.6700,17.8700,17.1800,17.6800,1086700
2011-12-05,17.6800,17.9200,17.5000,17.7400,1384500
2011-12-02,17.2800,17.9600,17.2600,17.5200,1581600
2011-12-01,16.9000,17.2100,16.5800,17.0850,803000
2011-11-30,15.9100,16.9400,15.5600,16.9000,1976700
2011-11-29,15.5500,15.9000,15.2300,15.2700,574600
2011-11-28,15.5000,16.0900,15.3800,15.5300,1150500
2011-11-25,15.1700,15.4000,14.9700,15.0000,717800
2011-11-23,15.3000,15.5100,15.1000,15.2100,1022000
2011-11-22,15.7000,15.9000,15.2000,15.5600,1247300
2011-11-21,15.9500,16.0200,15.3000,15.8600,1068300
2011-11-18,16.6200,16.7200,16.1800,16.2700,561300
2011-11-17,17.4900,17.7700,16.4500,16.5600,1273400
2011-11-16,17.5000,17.9700,17.2600,17.4800,1450500
2011-11-15,16.5000,17.6100,16.4900,17.4900,1139800
2011-11-14,16.6400,17.0000,16.4500,16.5300,721800
2011-11-11,15.8800,17.0400,15.7000,16.6200,2139100
2011-11-10,15.9500,16.1410,15.2500,15.5900,1419500
2011-11-09,16.3200,16.3200,15.4700,15.6000,1745800
2011-11-08,17.3500,17.4400,16.5000,16.8400,1448100
2011-11-07,17.5100,17.7500,17.0200,17.1700,1568800
2011-11-04,17.4200,18.2100,17.0900,17.7200,2211700
2011-11-03,17.3100,17.7700,16.7610,17.3900,1839500
2011-11-02,16.7600,17.5000,16.3400,17.2600,3155800
2011-11-01,15.2900,16.9000,14.2600,16.8400,5252100
2011-10-31,19.0500,19.0800,17.8400,17.9700,1990600
2011-10-28,19.7100,19.7570,18.6710,19.0300,1381800
2011-10-27,19.4500,20.0800,18.9500,19.6600,1528300
2011-10-26,18.2500,18.7800,17.6200,18.4000,1622700
2011-10-25,18.3500,18.4800,17.4200,17.6400,1661100
2011-10-24,16.1800,18.0400,16.1000,18.0000,2109200
2011-10-21,16.2000,16.3300,15.7100,15.9800,1038800
2011-10-20,16.4000,16.6500,15.6300,15.9100,976500
2011-10-19,17.2700,17.3700,16.3500,16.4600,830400
2011-10-18,16.5500,17.3000,16.3200,17.2300,1209000
2011-10-17,17.3300,17.5600,16.4500,16.5400,1269400
2011-10-14,17.3200,17.9700,16.9700,17.3200,1942500
2011-10-13,16.5600,17.4600,16.4200,17.1600,1770500
2011-10-12,16.4800,17.1500,16.2400,16.9300,1161300
2011-10-11,16.1000,16.2800,15.8100,16.0600,1043200
2011-10-10,15.4100,16.2500,15.4100,16.2100,1076700
2011-10-07,15.6900,15.8700,15.1000,15.3100,552100
2011-10-06,15.0000,15.5900,14.6600,15.5300,975800
2011-10-05,14.6300,15.1200,14.1600,14.9400,1632100
2011-10-04,13.5900,14.6800,13.0622,14.5800,2454400
2011-10-03,14.0000,14.1050,13.4000,13.6800,2839900
2011-09-30,14.6600,15.0700,14.1100,14.1200,1464900
2011-09-29,16.8500,17.2800,14.6800,14.9900,2578700
2011-09-28,17.5000,17.6600,16.4300,16.4400,1392300
2011-09-27,16.8700,17.6300,16.8700,17.2900,1452400
2011-09-26,16.9000,17.1200,16.2100,16.6000,1538600
2011-09-23,16.5800,17.0400,16.5270,16.8200,1651300
2011-09-22,16.6900,16.9400,15.7100,16.8600,1936300
2011-09-21,18.0900,18.3700,17.0900,17.1200,1405600
2011-09-20,18.7600,18.8900,17.8600,17.9300,1208100
2011-09-19,19.5300,19.5370,18.0600,18.7000,1773100
2011-09-16,20.4900,21.2100,19.5900,19.8600,1638300
2011-09-15,19.7400,20.5000,19.5000,20.2900,2819100
2011-09-14,18.5000,19.2900,18.3500,19.1000,2050500
2011-09-13,17.2000,18.2800,17.1200,18.1100,1507100
2011-09-12,16.5000,17.2700,16.2200,17.2100,1001000
2011-09-09,16.9900,17.4500,16.2100,16.5300,969500
2011-09-08,17.4800,17.7700,17.0000,17.1700,559900
2011-09-07,16.6300,17.5700,16.5300,17.4800,1578600
2011-09-06,15.8200,16.3900,15.5100,15.9000,1119000
2011-09-02,16.0200,16.5600,15.9000,16.4100,811400
2011-09-01,16.2800,17.0800,16.0200,16.5300,1477900
2011-08-31,16.7800,17.2790,15.9600,16.2900,955200
2011-08-30,17.1000,17.1500,16.5800,16.7400,868700
2011-08-29,16.9700,17.2900,16.7700,17.1600,1023900
2011-08-26,16.0500,16.6200,15.9500,16.5200,794500
2011-08-25,16.5800,17.3300,16.0500,16.0700,775000
2011-08-24,16.7700,17.1100,16.2400,16.6600,698100
2011-08-23,16.4500,16.9600,15.9500,16.9100,1354900
2011-08-22,16.6900,17.0700,15.9950,16.1100,792400
2011-08-19,16.6300,16.8800,15.8500,15.9400,1076000
2011-08-18,17.3800,17.4800,16.1418,16.6700,1294800
2011-08-17,18.2600,18.4080,17.4400,17.7400,1048200
2011-08-16,18.4900,18.5600,17.7800,18.0400,881200
2011-08-15,18.4900,18.7400,18.0900,18.6900,910000
2011-08-12,18.7300,18.8800,17.9200,18.0100,1462900
2011-08-11,16.4800,18.8500,16.4410,18.5000,4311300
2011-08-10,16.7800,17.0300,15.8200,16.3500,4274200
2011-08-09,14.4500,16.6200,14.4400,16.6100,5025000
2011-08-08,13.5800,14.6300,13.2100,14.0300,6636700
2011-08-05,17.1700,17.8200,14.6900,14.9200,4395500
2011-08-04,18.7700,18.8700,17.0600,17.0900,3061700
2011-08-03,18.7100,19.2700,18.2600,19.1000,2373000
2011-08-02,18.9800,19.3400,18.7100,18.7900,4290800
2011-08-01,19.9800,20.2300,18.4900,19.3100,3352100
2011-07-29,18.0000,20.0400,16.9900,19.7800,12657200
2011-07-28,20.3600,21.2200,20.3200,20.5400,2055000
2011-07-27,21.6800,21.8900,20.2900,20.5200,3040300
2011-07-26,21.7000,22.3600,21.5000,22.0150,1757200
2011-07-25,22.3200,22.6400,21.6700,21.8200,1659100
2011-07-22,21.5800,22.8150,21.4070,22.7400,2874600
2011-07-21,22.2500,22.4900,21.2400,21.7200,2674600
2011-07-20,22.2500,23.1200,22.0000,22.0600,1918900
2011-07-19,21.5000,22.4100,21.5000,22.1000,2137400
2011-07-18,21.5700,21.6900,20.9300,21.1700,2250200
2011-07-15,22.2800,22.2800,21.5000,21.6900,2208100
2011-07-14,22.8300,23.1700,22.0100,22.1000,2118300
2011-07-13,23.5300,23.5300,22.5500,22.7600,2161300
2011-07-12,24.9000,24.9000,22.8800,23.2100,2453600
2011-07-11,25.4400,25.5424,24.7200,25.0100,1226100
2011-07-08,26.3100,26.4800,25.5800,26.0700,1045600
2011-07-07,26.7400,27.0800,26.2700,26.5400,1872600
2011-07-06,26.8600,26.8600,26.0000,26.4000,727200
2011-07-05,27.4100,27.4600,26.5800,26.9100,928500
2011-07-01,26.9400,27.6600,26.5300,27.5100,1778200
2011-06-30,25.2600,26.9400,25.1700,26.7300,1875300
2011-06-29,25.5200,26.0200,24.9500,25.3100,1338100
2011-06-28,23.9700,25.4000,23.7100,25.1800,1588500
2011-06-27,23.2500,23.7400,22.9800,23.6700,1017900
2011-06-24,23.4900,24.1400,23.2500,23.4600,954400
2011-06-23,22.8500,23.5000,22.3700,23.4100,1119900
2011-06-22,23.4300,23.6400,23.1300,23.2000,887600
2011-06-21,23.0000,23.8100,22.9376,23.5400,791400
2011-06-20,22.5700,23.5100,22.3700,22.8500,1561300
2011-06-17,24.7300,24.9000,22.3400,22.6500,2692800
2011-06-16,24.3000,24.9700,23.7900,24.3000,1098700
2011-06-15,24.5300,24.9000,23.8900,24.0100,1414600
2011-06-14,24.3500,25.8100,24.3500,25.3900,1508800
2011-06-13,24.5200,24.5500,24.0400,24.1300,968600
2011-06-10,24.7800,25.3300,24.2500,24.3400,1706900
2011-06-09,25.4500,25.6400,24.0600,25.1200,3590400
2011-06-08,26.4600,26.4600,25.2500,25.4500,1961900
2011-06-07,26.7300,27.0900,26.4900,26.5800,934300
2011-06-06,27.0200,27.4500,26.4400,26.5500,1773000
2011-06-03,26.0300,26.9186,25.6700,26.7000,2328500
2011-06-02,27.2800,27.4900,26.1200,26.5100,1488800
2011-06-01,28.2600,28.5200,27.0100,27.1000,1580900
2011-05-31,29.0000,29.1000,27.9100,28.5300,1216400
2011-05-27,28.9000,29.4500,28.3200,28.3800,1710200
2011-05-26,27.4200,29.5000,27.1000,28.5500,4410400
2011-05-25,27.1600,27.3200,26.7000,27.2200,1972600
2011-05-24,27.3700,27.7500,26.0500,27.2100,2827700
2011-05-23,28.7600,28.7600,27.3000,27.3700,1526000
2011-05-20,28.4200,29.5500,28.3400,28.8600,1921800
2011-05-19,28.4200,28.7200,27.8500,28.3200,1521100
2011-05-18,27.8000,29.3500,27.7900,28.7200,1215700
2011-05-17,27.3100,28.2000,26.5500,27.7600,1689500
2011-05-16,29.6300,29.7500,27.4850,27.6600,2228700
2011-05-13,29.9100,30.8500,29.2900,29.3600,1539600
2011-05-12,28.7300,30.0000,28.5000,29.8400,1482600
2011-05-11,30.0000,30.5200,28.1500,29.0000,3538700
2011-05-10,31.0100,31.1399,29.8900,30.1200,1485200
2011-05-09,31.0000,31.7200,30.6500,31.0200,1134400
2011-05-06,31.2700,31.9400,30.8000,30.9000,1443800
2011-05-05,31.4100,31.9600,30.6100,31.0000,2143900
2011-05-04,32.2000,32.3500,30.4560,31.8100,2369600
2011-05-03,33.0900,33.3800,31.6100,31.8000,1849500
2011-05-02,33.9900,34.0000,32.6800,33.0400,867600
2011-04-29,33.3300,35.3200,32.9400,33.4000,1529800
2011-04-28,33.7300,33.8800,32.3500,33.0700,857300
2011-04-27,34.5000,34.5000,32.8800,33.4200,986700
2011-04-26,34.3900,34.5000,33.5000,34.1800,1177800
2011-04-25,33.5000,33.9500,33.1800,33.4600,496000
2011-04-21,34.1400,34.2500,32.9100,33.4600,961500
2011-04-20,32.3000,33.5900,31.4600,33.5600,1626700
2011-04-19,31.9900,32.0000,31.1000,31.4500,555400
2011-04-18,31.6000,32.0900,30.8000,31.7400,886200
2011-04-15,32.2900,32.8900,32.0700,32.3400,999900
2011-04-14,31.4300,32.3700,30.8600,32.2010,942300
2011-04-13,31.7100,31.9000,31.0500,31.5400,994100
2011-04-12,31.8000,32.1200,30.8005,31.0200,1830300
2011-04-11,33.5000,33.8400,31.9000,32.2100,2965700
2011-04-08,34.4100,34.8000,32.1800,32.6200,7956600
2011-04-07,33.6500,33.8100,32.2500,32.9400,1527100
2011-04-06,32.6800,33.7500,32.0500,33.2600,4436300
2011-04-05,31.3700,32.4100,30.6000,31.9900,2591400
2011-04-04,30.8800,31.2600,30.0700,31.1300,1895600
2011-04-01,30.3500,30.7400,29.9700,30.5900,3383300
2011-03-31,30.6700,31.1100,29.8200,29.9650,15714900
2011-03-30,31.7600,32.5500,30.6150,31.3800,2708400
2011-03-29,28.4600,31.6800,28.4600,31.2900,3422600
2011-03-28,28.2500,29.2300,27.4600,28.6900,1904900
2011-03-25,28.6300,28.6900,27.8000,27.8800,529900
2011-03-24,28.2000,28.4000,27.3800,28.3000,1300600
2011-03-23,27.1500,27.4600,26.4200,27.0700,802200
2011-03-22,27.6100,27.9300,27.0200,27.2200,812100
2011-03-21,27.9800,28.3300,27.6100,27.8500,1071800
2011-03-18,27.7400,27.8000,27.2800,27.5500,1128800
2011-03-17,26.5900,27.9500,26.1200,26.9400,1765700
2011-03-16,26.2700,27.1200,25.3900,25.9400,1121800
2011-03-15,25.0000,26.4500,24.3200,26.2800,1323800
2011-03-14,26.4800,26.7500,24.8700,25.8300,1910100
2011-03-11,26.1800,27.6300,26.1300,27.4600,774500
2011-03-10,26.3400,27.4390,25.3200,26.5100,1860000
2011-03-09,29.3000,29.6500,27.5800,27.7800,1095000
2011-03-08,29.0100,29.7900,28.4100,28.7100,1274200
2011-03-07,31.7100,31.7100,28.1600,29.1600,2471600
2011-03-04,31.5000,31.7700,30.3900,30.7500,1226700
2011-03-03,30.5400,31.6900,29.4700,31.1700,1790900
2011-03-02,30.0000,30.7070,29.0100,29.2500,1435900
2011-03-01,32.1100,33.8700,29.8300,29.9800,2069000
2011-02-28,31.4500,32.3600,30.5000,31.9500,2340300
2011-02-25,29.5400,30.8100,29.3500,30.5500,1150600
2011-02-24,28.3700,29.2900,28.1000,29.1200,901800
2011-02-23,29.9000,30.0873,27.8100,28.4100,1330900
2011-02-22,28.8800,31.7800,28.3000,29.4500,2040900
2011-02-18,27.6200,30.7400,27.4100,29.2975,2766000
2011-02-17,27.3000,27.6500,26.7000,27.3100,1294100
2011-02-16,25.4700,27.8000,25.4100,26.9300,3625200
2011-02-15,24.7200,26.1900,24.2000,25.0100,1819600
2011-02-14,25.9500,25.9500,25.0000,25.4400,1661400
2011-02-11,26.1100,26.6200,25.2000,25.2700,1321800
2011-02-10,27.0600,27.2000,25.9000,26.1650,585400
2011-02-09,26.3000,26.9700,25.8100,26.5400,349600
2011-02-08,26.4200,26.6450,26.1200,26.3800,707600
2011-02-07,26.9300,27.1000,26.1500,26.3100,1620600
2011-02-04,27.5400,27.5790,27.1000,27.3500,182800
2011-02-03,27.7500,28.2500,26.9900,27.2000,487300
2011-02-02,27.4800,27.6300,26.0300,27.1900,624700
2011-02-01,26.4800,27.3700,25.8200,27.2300,875000
2011-01-31,24.8100,25.8399,24.6100,25.7400,668400
2011-01-28,26.0000,26.0500,24.2500,24.5700,1013900
2011-01-27,26.3600,26.8400,25.5000,26.0800,719400
2011-01-26,24.7100,26.4600,24.0000,25.9900,1558000
2011-01-25,22.6500,26.1800,22.6500,24.2800,1725100
2011-01-24,22.0600,22.7600,22.0000,22.6500,486900
2011-01-21,22.1500,22.9300,21.6400,21.9700,678800
2011-01-20,22.7500,22.7500,21.4900,21.6700,745900
2011-01-19,23.6000,23.7900,22.5200,22.9600,416400
2011-01-18,23.3200,23.6900,23.2800,23.5800,290500
2011-01-14,23.3300,23.4300,22.8510,23.3900,183200
2011-01-13,23.8600,23.8600,22.9900,23.3300,250500
2011-01-12,24.5000,24.5800,23.2800,23.6000,303000
2011-01-11,23.8200,24.0700,23.6300,24.0000,278200
2011-01-10,22.7500,23.6100,22.7000,23.4200,254100
2011-01-07,23.3300,23.3300,22.6800,22.9200,300900
2011-01-06,23.7300,23.8000,22.7600,23.2400,453100
2011-01-05,21.8700,23.6000,21.6800,23.3800,846400
2011-01-04,21.9000,22.7500,21.1700,22.0100,952100
2011-01-03,21.2000,21.5200,20.6400,21.4300,256100
2010-12-31,20.6000,21.1000,20.4200,20.9300,94400
2010-12-30,20.7300,20.8800,20.6200,20.7000,76800
2010-12-29,20.6200,20.7100,20.4100,20.7100,139000
2010-12-28,20.4600,20.8100,20.0000,20.2900,137300
2010-12-27,20.0000,20.2800,19.7000,20.2000,98500
2010-12-23,20.2000,20.2000,19.5800,20.0900,466000
2010-12-22,19.7100,21.5690,19.7100,20.2500,1489000
2010-12-21,18.8600,20.0000,18.6000,19.2500,584100
2010-12-20,18.1600,19.3000,18.0500,18.6000,446700
2010-12-17,18.5100,18.6800,18.0000,18.1100,371100
2010-12-16,18.4200,18.6700,18.1900,18.4400,447800
2010-12-15,18.7000,19.0001,18.0900,18.3300,437000
2010-12-14,18.9000,19.3750,18.2800,18.7300,689900
2010-12-13,20.0000,20.0000,18.5500,18.8600,432800
2010-12-10,19.2000,20.2000,18.4100,19.9500,457800
2010-12-09,18.7800,20.4300,18.7800,19.1300,1187500
2010-12-08,16.8000,18.8000,16.8000,18.4400,1371000
2010-12-07,16.0000,16.4300,15.7330,16.3700,600800
2010-12-06,16.0000,16.3900,15.4100,15.9400,489300
2010-12-03,13.9800,17.2800,13.7800,16.1400,948600
2010-12-02,13.3500,14.0000,13.1600,13.9800,273800
2010-12-01,12.7400,13.4600,12.6000,13.2600,682100
2010-11-30,12.6000,12.8358,12.3100,12.5800,288700
2010-11-29,12.8100,13.1100,12.6000,12.7300,270100
2010-11-26,12.5600,12.9300,12.5600,12.8300,348500
2010-11-24,12.8800,12.9300,12.5000,12.6600,250000
2010-11-23,12.8000,12.9000,12.7000,12.8000,440000
2010-11-22,12.8500,13.3200,12.8400,12.9900,117700
2010-11-19,12.8900,12.9000,12.7000,12.9000,74300
2010-11-18,13.0000,13.0000,12.6100,12.9000,118700
2010-11-17,12.8000,12.9000,12.7600,12.8000,67600
2010-11-16,12.7300,13.2650,12.6300,12.8400,206500
2010-11-15,12.9000,13.1400,12.7800,12.9800,51800
2010-11-12,12.6900,13.0800,12.6400,12.8200,115700
2010-11-11,13.2000,13.2000,12.5800,12.8550,317200
2010-11-10,13.6000,13.7300,13.0500,13.3200,172300
2010-11-09,13.7200,13.9500,13.2000,13.6300,269800
2010-11-08,14.0000,14.0000,13.6100,13.7700,179900
2010-11-05,13.9000,14.0000,13.6400,13.9700,175600
2010-11-04,13.7400,14.0000,13.5304,13.9700,274600
2010-11-03,13.2100,13.8000,13.1100,13.6356,359900
2010-11-02,12.9000,13.4300,12.4700,13.2700,300900
2010-11-01,13.2700,13.5000,12.5600,12.6900,432100
2010-10-29,13.1600,13.4700,12.8800,13.1900,434600
2010-10-28,12.8200,13.3500,12.6000,13.1900,409900
2010-10-27,12.2800,12.8000,12.2800,12.7700,263800
2010-10-26,12.2500,12.4900,11.9100,12.2800,186100
2010-10-25,12.2010,12.5900,12.2010,12.3700,128300
2010-10-22,12.2000,12.6100,12.1800,12.3300,94200
2010-10-21,12.1100,12.4000,12.1100,12.2500,58800
2010-10-20,12.1700,12.4500,11.5200,12.2000,124800
2010-10-19,12.0600,12.2500,12.0100,12.1100,130100
2010-10-18,11.9600,12.2900,11.6500,12.2400,53500
2010-10-15,12.3500,12.3500,11.8550,11.9400,396200
2010-10-14,12.0700,12.2300,12.0000,12.1500,223700
2010-10-13,12.3100,12.3300,12.0200,12.0700,222000
2010-10-12,12.0100,12.3000,11.9118,12.3000,59600
2010-10-11,11.9500,12.1500,11.9100,12.0500,63700
2010-10-08,11.8000,12.1100,11.7200,11.9800,251900
2010-10-07,12.5000,12.5000,11.6100,11.8500,252800
2010-10-06,12.3200,12.4900,12.1300,12.4700,90400
2010-10-05,12.4300,12.6900,12.2200,12.3500,256900
2010-10-04,12.3800,12.7099,12.2500,12.3500,140700
2010-10-01,12.4700,12.7700,12.2600,12.3600,170500
2010-09-30,12.6200,12.9500,12.2600,12.3900,196800
2010-09-29,12.6300,12.8800,12.4900,12.5500,238500
2010-09-28,12.2100,12.6200,12.1100,12.6100,168800
2010-09-27,12.1700,12.3900,12.0200,12.2500,186600
2010-09-24,12.1000,12.3700,11.8200,12.2200,146900
2010-09-23,12.0000,12.4900,11.8900,12.0000,320800
2010-09-22,12.4000,12.6000,12.0100,12.1800,184600
2010-09-21,12.6100,12.8500,12.3600,12.5100,178800
2010-09-20,12.2100,12.9700,12.1000,12.6900,404100
2010-09-17,12.0100,12.2500,11.8200,12.0800,252300
2010-09-16,12.4600,12.6400,12.0100,12.0200,323300
2010-09-15,12.5200,12.9200,12.3501,12.4700,561100
2010-09-14,11.8500,12.2500,11.8500,12.2400,250600
2010-09-13,12.0900,12.2400,11.8401,11.9400,303900
2010-09-10,11.9800,12.1250,11.8100,11.9800,362900
2010-09-09,12.2100,12.6250,11.5100,11.9000,235600
2010-09-08,11.4900,12.1800,11.4200,12.1600,1483700
2010-09-07,12.0000,12.3600,11.7800,12.0300,468400
2010-09-03,11.9000,12.3200,11.5800,11.8900,231400
2010-09-02,11.0800,11.9100,11.0800,11.8700,98500
2010-09-01,11.0800,11.9500,10.7600,11.7300,412800
2010-08-31,11.0100,11.2300,10.8700,11.0750,236000
2010-08-30,11.0100,11.2700,11.0100,11.0950,226900
2010-08-27,11.1500,11.4900,10.9900,11.1100,370900
2010-08-26,10.9400,11.1500,10.8000,11.0000,581400
2010-08-25,10.5000,11.1300,10.2300,10.7500,1112200
2010-08-24,10.7600,11.3000,10.5000,10.6800,746700
2010-08-23,11.2800,11.5000,10.4600,10.9800,761800
2010-08-20,11.4500,11.5000,11.0300,11.1500,450600
2010-08-19,11.9500,12.1000,11.3104,11.5500,746000
2010-08-18,12.0800,12.6000,12.0000,12.0000,1010600
2010-08-17,11.8600,12.3000,11.7500,12.2200,1086700
2010-08-16,11.7900,12.2300,11.6900,11.7800,551600
2010-08-13,12.2500,12.5300,11.8500,12.0000,957600
2010-08-12,12.2600,12.5100,12.1000,12.3900,1780300
2010-08-11,13.2500,13.3800,12.4500,12.7500,2588200
2010-08-10,13.7700,13.8400,13.5800,13.6000,1579300
2010-08-09,14.0000,14.0000,13.7000,14.0000,1819500
2010-08-06,13.0000,14.0800,12.9900,14.0000,10678500
