timestamp,open,high,low,close,volume
2018-02-09,22.3300,22.3800,21.1207,21.7400,10073776
2018-02-08,23.5300,23.6700,21.9500,22.0900,7950924
2018-02-07,23.3500,24.1600,23.3000,23.4900,6955353
2018-02-06,22.8500,24.2300,22.7650,23.3600,7264178
2018-02-05,22.6500,23.7950,22.4050,23.1500,8424711
2018-02-02,23.5000,23.6500,22.9300,23.1300,8480256
2018-02-01,23.6000,24.3600,23.5100,23.7600,13400640
2018-01-31,24.0800,24.2750,23.3500,23.6000,15598905
2018-01-30,25.0000,25.6200,23.8800,24.0700,30414384
2018-01-29,28.5700,28.7100,28.0500,28.0800,3652517
2018-01-26,28.8600,28.9000,28.5450,28.7300,4019693
2018-01-25,29.7200,29.7600,28.8800,28.9000,7099163
2018-01-24,29.3800,29.7800,29.0900,29.5200,11085083
2018-01-23,29.3900,29.4800,28.6500,29.2600,4179665
2018-01-22,29.3200,29.6200,28.6100,29.1600,4088769
2018-01-19,28.6300,29.2850,28.5300,29.2000,4289358
2018-01-18,28.7200,29.2900,28.5600,28.8200,4196590
2018-01-17,28.7200,29.3801,28.5300,28.8400,5914257
2018-01-16,29.2500,29.3100,28.5300,28.7200,5417571
2018-01-12,29.4900,29.8300,28.2600,29.1100,9202473
2018-01-11,29.0900,30.3000,29.0500,29.1200,9862741
2018-01-10,30.2000,30.2700,29.3100,29.3100,3225267
2018-01-09,30.9500,31.3000,30.0900,30.1500,4341047
2018-01-08,30.8800,30.9270,30.2600,30.5800,2657698
2018-01-05,30.8000,31.1700,30.6600,30.8500,4096830
2018-01-04,30.9600,31.0800,30.6000,31.0000,3660895
2018-01-03,30.5700,31.2000,30.5700,30.7900,4366711
2018-01-02,29.7400,30.4900,29.7400,30.4700,3314744
2017-12-29,29.9200,30.0000,29.4200,29.4400,2294398
2017-12-28,29.7500,29.9050,29.4200,29.8600,1820833
2017-12-27,30.3000,30.6100,29.6800,29.7200,2944889
2017-12-26,29.6700,30.5100,29.6200,30.4500,3307000
2017-12-22,29.2000,29.8800,29.1100,29.5400,2866305
2017-12-21,27.9200,29.3100,27.8400,29.2100,3671413
2017-12-20,27.0500,28.0500,27.0000,27.9300,3930824
2017-12-19,26.8700,27.1800,26.6600,26.8400,3033558
2017-12-18,26.0400,26.8300,25.9300,26.7100,3357080
2017-12-15,26.4400,26.6400,25.8700,25.9000,3191534
2017-12-14,26.6700,26.8800,26.3300,26.4200,5438230
2017-12-13,26.6000,26.9700,26.4500,26.7100,2984109
2017-12-12,26.6900,26.9600,26.3000,26.6600,3744385
2017-12-11,26.0500,26.7525,26.0500,26.5800,2881475
2017-12-08,26.0000,26.5100,25.8600,26.1000,3259759
2017-12-07,25.4400,25.8100,25.1800,25.6900,2644692
2017-12-06,26.1000,26.1550,25.2600,25.3400,3308427
2017-12-05,26.6600,26.9000,26.3000,26.3700,2867317
2017-12-04,27.4700,27.5700,26.5500,26.6600,3921538
2017-12-01,27.0900,27.7900,26.9600,27.4400,4758632
2017-11-30,26.7200,27.2100,26.6400,26.8600,4182745
2017-11-29,26.4000,26.6100,26.1700,26.3600,2727031
2017-11-28,26.3700,26.6000,26.2100,26.3100,2409936
2017-11-27,26.7400,26.7900,26.2900,26.4000,2689057
2017-11-24,26.9000,27.0550,26.6600,26.9700,1459026
2017-11-22,26.6300,26.7300,26.3700,26.5400,2694430
2017-11-21,26.0900,26.3800,25.9500,26.3300,3387763
2017-11-20,25.3300,25.9800,25.0700,25.8300,3152924
2017-11-17,25.2200,25.5450,25.1710,25.4500,2881710
2017-11-16,25.3300,25.3500,24.8900,24.9700,3721690
2017-11-15,25.6600,25.6600,25.1600,25.1800,4579052
2017-11-14,26.5500,26.7600,25.9500,25.9600,4725774
2017-11-13,27.0600,27.3500,26.6300,26.7700,3223519
2017-11-10,27.0800,27.7300,26.9500,27.1800,4535838
2017-11-09,26.8300,27.4400,26.6400,27.1900,5803491
2017-11-08,27.1400,27.9300,26.5000,27.1000,9636368
2017-11-07,28.2600,28.5000,27.9600,28.4000,5549561
2017-11-06,27.6100,28.3300,27.4200,28.2500,4245523
2017-11-03,26.7300,27.8000,26.5200,27.5300,5733931
2017-11-02,27.0700,27.2150,26.3800,26.7300,4323765
2017-11-01,26.8700,27.4200,26.6200,27.0900,5411662
2017-10-31,25.6800,26.7700,25.5700,26.6000,6714117
2017-10-30,25.3600,25.8200,25.3000,25.7300,3756302
2017-10-27,24.3200,25.5700,24.2600,25.3000,4905708
2017-10-26,23.9100,24.5550,23.2000,24.5200,6354081
2017-10-25,24.0000,24.0400,23.3240,23.8700,5711190
2017-10-24,24.2000,24.5000,23.6100,24.0500,10378481
2017-10-23,25.8800,25.9170,24.2900,24.3300,7258710
2017-10-20,26.1000,26.1600,25.7500,25.8700,3886288
2017-10-19,26.3300,26.4500,25.9500,26.1100,5715066
2017-10-18,26.6800,27.0100,26.5000,26.6000,3501056
2017-10-17,26.7500,27.0400,26.4700,26.7200,3613926
2017-10-16,26.6200,26.9100,26.4600,26.7900,5928098
2017-10-13,26.7800,26.8950,26.4000,26.4300,4757293
2017-10-12,26.6000,26.9050,26.4600,26.5200,3814464
2017-10-11,26.8900,27.0350,26.6200,26.9600,2678940
2017-10-10,26.9700,27.4400,26.8050,26.9000,4018591
2017-10-09,26.5800,26.6400,26.2900,26.4900,1806140
2017-10-06,26.7400,27.4600,26.3500,26.5500,5944225
2017-10-05,26.6200,27.1200,26.5200,27.0300,5294199
2017-10-04,26.7300,26.8100,26.3200,26.7100,7925355
2017-10-03,26.3800,27.0100,26.2600,26.7400,5611493
2017-10-02,25.8100,26.5800,25.4600,26.5800,5705389
2017-09-29,25.3900,26.7900,25.0100,26.3400,10089874
2017-09-28,26.1800,26.7700,25.9050,26.2700,6102430
2017-09-27,26.6600,26.6600,25.1500,25.9500,14271522
2017-09-26,27.2600,27.3600,26.4800,26.4800,7034428
2017-09-25,26.9100,27.2000,26.6700,27.1700,6105787
2017-09-22,26.6500,26.9100,26.3000,26.7600,6081375
2017-09-21,26.2000,26.7600,26.0100,26.6700,5766763
2017-09-20,25.3400,26.5900,25.2100,26.4100,6696327
2017-09-19,25.6000,25.6600,24.9300,25.2300,4846281
2017-09-18,25.3900,25.6900,25.2600,25.6100,4271347
2017-09-15,25.5800,25.7400,25.3500,25.6400,3836983
2017-09-14,25.6500,25.7800,25.2100,25.5400,4202646
2017-09-13,24.5100,25.7200,24.5100,25.4700,6109574
2017-09-12,24.1500,24.5200,23.9900,24.3500,5079501
2017-09-11,23.9300,24.4300,23.8150,24.0400,3415600
2017-09-08,24.6300,24.7450,22.9800,23.8600,6702800
2017-09-07,25.2300,25.2600,24.6700,24.7700,3693746
2017-09-06,25.5100,25.8600,25.2780,25.3400,3572735
2017-09-05,25.4500,25.8500,25.0800,25.2600,2939533
2017-09-01,25.1400,25.2600,24.6700,25.2500,2759697
2017-08-31,24.5400,25.1600,24.5300,25.0500,3373667
2017-08-30,24.0700,24.6100,23.9500,24.3200,3064959
2017-08-29,24.4700,24.5950,23.8700,24.3700,3727145
2017-08-28,25.0800,25.1100,24.2350,24.7000,2068353
2017-08-25,25.3100,25.3600,24.9500,25.0800,2063923
2017-08-24,25.0400,25.2400,24.8800,25.2000,2187814
2017-08-23,24.9000,25.3050,24.7200,25.1500,1940255
2017-08-22,24.6000,25.0700,24.5500,25.0700,3065421
2017-08-21,24.6600,24.7800,24.2700,24.4600,2290355
2017-08-18,24.4300,25.1400,24.2600,24.7900,3143414
2017-08-17,24.3200,25.0600,24.2800,24.3900,3963436
2017-08-16,24.6500,24.9300,24.2450,24.5600,3244703
2017-08-15,24.9600,25.0000,24.4500,24.6300,3230781
2017-08-14,25.4700,25.5400,24.8900,25.0000,2655446
2017-08-11,25.5000,25.6500,25.0800,25.3500,2807585
2017-08-10,25.5500,25.9250,25.4000,25.4800,5000167
2017-08-09,25.6900,26.1100,25.2700,25.4500,5010273
2017-08-08,24.8800,26.0900,24.8700,25.6500,7538956
2017-08-07,25.9700,25.9900,24.8700,25.0600,5400289
2017-08-04,25.3000,26.1300,25.0700,26.1200,7635942
2017-08-03,25.4200,26.3400,24.6800,25.3000,22213033
2017-08-02,28.2300,28.6800,26.4100,27.3900,13155940
2017-08-01,29.2200,29.3400,28.7470,29.2400,3074264
2017-07-31,29.4500,29.5000,28.7850,29.2800,4418531
2017-07-28,29.5700,30.0100,29.1650,29.4700,5437349
2017-07-27,29.6500,29.8700,29.3850,29.6000,2643091
2017-07-26,29.8400,30.3800,29.5800,29.5900,4534477
2017-07-25,28.6100,29.7300,28.5900,29.5200,5323291
2017-07-24,27.9100,28.2600,27.8000,28.2400,2373653
2017-07-21,28.0900,28.4500,27.4900,27.8000,5264305
2017-07-20,29.3600,29.5300,28.0500,28.1300,4458654
2017-07-19,28.2000,29.1700,27.9650,29.1300,3743612
2017-07-18,28.8100,28.8700,27.6100,28.1300,2882263
2017-07-17,28.4400,28.8400,28.3900,28.4900,4512650
2017-07-14,28.3000,28.8000,28.2800,28.7100,3094200
2017-07-13,27.9600,28.3000,27.7900,28.2500,4118784
2017-07-12,28.3500,28.7600,27.9000,27.9800,2933071
2017-07-11,27.3600,28.0100,27.2400,27.9500,2850067
2017-07-10,26.8000,27.4400,26.6900,27.3700,2181607
2017-07-07,26.6600,26.9500,26.3150,26.9000,3192599
2017-07-06,27.7500,27.9200,26.7900,26.8700,2638893
2017-07-05,28.3400,28.3400,27.5000,27.6100,2938829
2017-07-03,27.9500,28.6900,27.9500,28.6600,1647989
2017-06-30,27.3700,27.8900,27.1900,27.7500,4129921
2017-06-29,27.2200,27.8500,27.1000,27.2000,3469089
2017-06-28,26.6800,27.3600,26.5600,27.1400,4518793
2017-06-27,27.2600,27.3600,26.5900,26.6600,5792368
2017-06-26,27.2300,27.5850,26.8900,27.1300,3088131
2017-06-23,26.3100,27.2500,26.1900,27.1700,6291412
2017-06-22,26.2300,27.0750,26.1100,26.3100,5298722
2017-06-21,26.1800,26.9550,25.8700,26.1100,7096571
2017-06-20,25.5800,26.7000,25.1700,26.5300,7842878
2017-06-19,25.8300,26.2100,25.6500,26.0600,4190043
2017-06-16,26.4200,26.4250,25.3600,25.8600,7380909
2017-06-15,27.7100,27.8300,26.0900,26.2100,5887175
2017-06-14,28.4200,28.4800,27.6550,27.8900,4411603
2017-06-13,27.9100,28.6300,27.7900,28.6000,3113479
2017-06-12,28.6800,28.7300,27.7400,27.8500,4811406
2017-06-09,27.5100,28.2100,27.2500,28.0500,3970548
2017-06-08,27.8900,28.1300,27.4050,27.4400,6487485
2017-06-07,29.8600,29.9600,27.5900,28.0600,6169985
2017-06-06,29.3700,30.0300,29.1800,30.0100,4414790
2017-06-05,29.9400,30.0900,29.4700,29.4800,2832180
2017-06-02,30.1300,30.2700,29.3900,30.1400,4684224
2017-06-01,29.8600,30.5300,29.6900,30.3500,4180356
2017-05-31,29.7200,30.2700,29.1700,29.6500,7359920
2017-05-30,30.4800,30.5000,30.0000,30.1400,3452661
2017-05-26,30.5700,31.0000,30.4100,30.8000,2293164
2017-05-25,30.7700,31.8000,30.4100,30.6400,4314406
2017-05-24,31.0900,31.4800,30.7150,30.9800,3430783
2017-05-23,31.4000,31.5000,31.1000,31.2800,2705602
2017-05-22,31.9500,32.0350,31.2600,31.4200,3755387
2017-05-19,31.3700,31.8250,31.1700,31.6100,3531346
2017-05-18,31.0600,31.6700,30.9500,31.1800,5664209
2017-05-17,31.4700,32.0200,31.1950,31.3600,5246627
2017-05-16,32.2800,32.3400,31.6500,31.8200,3241549
2017-05-15,32.7900,32.9000,32.0350,32.2300,4418881
2017-05-12,31.9700,32.2400,31.6800,31.9100,3037314
2017-05-11,32.2300,32.5600,31.8550,31.9800,4040610
2017-05-10,31.8900,32.7550,31.7400,32.0700,5737370
2017-05-09,32.1700,32.2300,31.4300,31.4500,4203444
2017-05-08,31.3000,32.2300,31.1570,32.0300,4620168
2017-05-05,31.3200,32.0000,30.3000,31.2900,8401036
2017-05-04,29.8000,29.8990,28.4800,29.0400,5846583
2017-05-03,28.9300,30.3400,28.9300,30.1800,4577524
2017-05-02,29.4300,29.7400,28.9350,29.0800,3092366
2017-05-01,29.7800,30.0000,29.3650,29.4200,3208767
2017-04-28,29.8000,30.3200,29.4800,29.7900,3629490
2017-04-27,29.7700,29.9700,28.9100,29.4900,4162570
2017-04-26,30.1500,30.8500,30.0250,30.0700,2520216
2017-04-25,29.6500,30.4950,29.6200,30.4600,3097755
2017-04-24,29.7200,30.1200,28.9200,29.6100,6500195
2017-04-21,29.7100,29.7100,29.1000,29.4300,5445429
2017-04-20,30.1500,30.1500,29.6100,29.7000,5116123
2017-04-19,31.1100,31.2900,29.8700,29.9400,4878286
2017-04-18,31.0000,31.5500,30.8800,31.0900,3837379
2017-04-17,30.7000,31.3150,30.4300,31.2700,3110644
2017-04-13,31.5800,31.8000,30.5500,30.7000,3686991
2017-04-12,31.6700,32.1600,31.3200,31.4600,3015695
2017-04-11,31.7100,31.8400,31.2200,31.7200,3109162
2017-04-10,31.1000,31.8800,31.1000,31.6700,2742672
2017-04-07,31.6700,31.9300,31.3500,31.4000,3062020
2017-04-06,31.7700,31.9400,31.5100,31.6600,3323665
2017-04-05,32.7900,33.0700,31.5400,31.6000,4162699
2017-04-04,32.4100,32.5400,31.8300,32.4000,4534499
2017-04-03,32.3800,32.5300,31.8800,32.2800,3261374
2017-03-31,31.8800,32.5600,31.7300,32.5100,4729839
2017-03-30,32.7500,32.8000,31.8700,31.9000,4335373
2017-03-29,31.6200,32.3500,31.3200,32.2600,4492945
2017-03-28,30.7000,31.6500,30.7000,31.5700,4282499
2017-03-27,29.8800,30.7200,29.7710,30.6600,3525770
2017-03-24,30.4500,30.6600,30.2500,30.4700,3855856
2017-03-23,30.4000,30.7100,30.1400,30.1800,4061963
2017-03-22,30.6700,31.1200,30.2900,30.4300,4189224
2017-03-21,31.6000,31.7300,30.6800,30.7400,4275562
2017-03-20,31.3900,31.7200,31.1800,31.6100,3882340
2017-03-17,31.4200,31.7900,31.2500,31.7600,4390921
2017-03-16,31.5800,31.5900,30.8800,31.1600,3128647
2017-03-15,30.7100,31.4500,30.5200,31.3700,5192933
2017-03-14,30.0800,30.3500,29.4900,30.2400,4800631
2017-03-13,30.4500,30.7600,30.3000,30.5300,3252720
2017-03-10,30.8800,30.9700,30.3400,30.3500,4020222
2017-03-09,30.1400,30.8200,29.7050,30.7100,5570688
2017-03-08,31.2500,31.4200,30.1500,30.1900,4751968
2017-03-07,31.7800,32.0100,31.4100,31.4500,4948769
2017-03-06,31.5600,31.9400,31.3400,31.7600,4442603
2017-03-03,31.3400,31.6800,31.2200,31.6200,4181185
2017-03-02,31.7500,31.9000,31.0800,31.2400,5653408
2017-03-01,30.6900,31.9600,30.6600,31.7500,8244876
2017-02-28,30.3800,30.6200,30.0500,30.3900,6995624
2017-02-27,30.1500,30.8000,29.6800,30.7700,9083660
2017-02-24,29.5900,30.1300,28.7300,29.4900,10009454
2017-02-23,30.7700,30.9300,29.4250,30.0000,8657179
2017-02-22,31.1400,31.3500,30.1300,30.1800,6735285
2017-02-21,32.2100,32.5000,31.3900,31.4100,5352807
2017-02-17,31.6100,31.9400,31.0900,31.8200,6755666
2017-02-16,32.7700,32.7700,31.6500,31.8600,4561675
2017-02-15,32.3000,32.7800,32.2650,32.5400,5953661
2017-02-14,32.4000,32.4500,31.8600,32.4500,4753097
2017-02-13,32.2000,32.6400,31.9900,32.0800,5067881
2017-02-10,31.6000,32.3400,31.5300,32.3100,12225695
2017-02-09,31.2500,31.4600,31.0000,31.2000,12385700
2017-02-08,30.5500,31.1500,30.2600,31.0400,38191013
2017-02-07,34.0900,34.4800,33.2500,33.3300,5011912
2017-02-06,35.1100,35.2100,34.0190,34.6000,4276517
2017-02-03,34.5600,35.0000,34.4300,34.8000,3056811
2017-02-02,35.2800,35.2800,34.6700,34.7900,1981156
2017-02-01,35.8300,35.9700,34.4650,35.0900,3696853
2017-01-31,35.3700,35.4100,34.6750,35.2200,4198579
2017-01-30,36.4000,36.4000,34.7600,35.0200,4101241
2017-01-27,36.5800,37.1400,36.4900,36.7000,2008977
2017-01-26,36.5600,37.0400,36.4000,36.7800,2824615
2017-01-25,36.3500,37.1400,36.2300,36.2700,2727616
2017-01-24,36.7000,36.8900,36.1800,36.4000,2901236
2017-01-23,36.5400,36.8000,36.1500,36.4100,2670453
2017-01-20,37.2900,37.7200,36.8100,36.8800,3413466
2017-01-19,36.4700,37.4800,36.4600,36.8600,3410751
2017-01-18,36.0500,37.0900,35.6300,36.5200,3058051
2017-01-17,36.9000,37.3800,36.4000,36.4800,2774855
2017-01-13,36.3200,36.8800,35.8100,36.5600,3473109
2017-01-12,36.6900,37.6800,36.2489,36.4800,5158302
2017-01-11,35.8800,36.4300,35.4800,36.0000,19416194
2017-01-10,36.0000,36.6800,35.8600,36.6700,1994877
2017-01-09,36.3700,36.4300,35.6400,35.7600,1682543
2017-01-06,36.3000,36.8900,36.0300,36.6100,1693625
2017-01-05,36.0300,36.5300,35.8000,36.2400,2309607
2017-01-04,35.7500,36.0700,35.1900,35.8800,3176140
2017-01-03,36.2864,36.4700,35.5000,35.7400,3202085
2016-12-30,35.2900,35.5400,34.9800,35.2400,2101781
2016-12-29,35.5100,35.9700,35.1700,35.3800,1717478
2016-12-28,35.9400,35.9500,35.3300,35.6600,1422448
2016-12-27,35.6700,35.9184,35.4400,35.6700,1039548
2016-12-23,35.9100,36.0100,35.3550,35.5600,990547
2016-12-22,35.6000,36.1200,35.4200,35.7100,1530951
2016-12-21,36.0100,36.3800,35.4700,35.5200,1417320
2016-12-20,36.9500,37.2000,35.7450,35.8300,2982854
2016-12-19,35.8000,36.8400,35.7600,36.7200,6087922
2016-12-16,35.7800,36.0350,35.3700,35.7500,2802560
2016-12-15,35.4500,36.1900,34.8800,35.5700,2822217
2016-12-14,36.5100,36.9400,35.7000,35.9800,3238475
2016-12-13,36.9100,37.5500,36.1300,37.0200,3752775
2016-12-12,38.0200,38.1800,36.2500,36.6300,3770067
2016-12-09,36.8000,37.0300,35.9500,36.3200,1769477
2016-12-08,36.0700,36.8600,35.6900,36.4700,2826202
2016-12-07,36.2300,36.5700,35.6100,35.7600,3246540
2016-12-06,36.4600,36.9400,35.7100,36.4800,2939504
2016-12-05,38.8500,39.4200,36.5700,36.8600,4472186
2016-12-02,37.8400,38.4750,37.3800,38.2700,3315774
2016-12-01,39.7800,39.8200,37.5000,37.8800,5444512
2016-11-30,35.0000,38.6700,34.6100,38.1500,14246283
2016-11-29,33.3300,33.4100,32.2200,32.9600,5037526
2016-11-28,36.3100,36.3800,34.0400,34.1000,2923591
2016-11-25,35.7900,35.9300,35.2100,35.8100,1336588
2016-11-23,35.2900,36.0100,35.2900,35.9200,1869110
2016-11-22,36.5000,36.6600,35.1800,35.8000,2926826
2016-11-21,35.7600,36.4400,35.7000,36.4100,3409425
2016-11-18,34.3000,34.9500,34.1700,34.7500,3158202
2016-11-17,35.1800,35.7900,33.9900,34.1600,2576275
2016-11-16,34.6200,35.2500,34.2400,34.6300,2790047
2016-11-15,33.9200,35.5200,33.8300,34.8000,3694577
2016-11-14,33.5100,33.7800,32.2350,33.4200,3230860
2016-11-11,34.5800,35.0200,33.5550,33.7200,3375275
2016-11-10,35.2400,35.4400,34.7000,35.1600,3608936
2016-11-09,34.4000,35.7600,34.4000,35.5200,2831698
2016-11-08,34.0000,34.6700,33.8600,34.3200,2189029
2016-11-07,33.8300,34.6200,33.8000,34.1700,3145099
2016-11-04,33.0900,33.7700,32.4476,33.1700,3198617
2016-11-03,33.0500,34.2000,32.1100,33.1900,6069870
2016-11-02,32.8000,32.9700,31.7400,32.5200,3964997
2016-11-01,33.5500,33.8120,32.7900,33.2400,2743293
2016-10-31,33.8700,33.8700,32.3700,32.9000,4322639
2016-10-28,34.5800,35.3600,33.9300,34.0200,2130215
2016-10-27,35.3500,35.5700,34.5700,34.6900,1882881
2016-10-26,34.8500,35.3500,34.5700,35.2400,2214003
2016-10-25,35.4000,35.7950,35.0200,35.1300,1935418
2016-10-24,36.0500,36.2950,35.4100,35.5000,3345891
2016-10-21,36.0000,36.3500,35.8000,36.0000,1811956
2016-10-20,36.4000,36.7100,35.8700,36.1000,2601948
2016-10-19,36.4900,37.2000,36.3100,36.8100,4086048
2016-10-18,36.8000,36.8000,35.8900,36.1400,2051693
2016-10-17,36.1000,36.3400,35.7400,36.2600,1788572
2016-10-14,36.3500,36.5600,35.8400,36.0500,1853180
2016-10-13,35.8600,36.4800,35.7000,36.2600,2634719
2016-10-12,35.9400,36.6450,35.6800,36.3000,2620170
2016-10-11,36.2300,37.0400,36.2300,36.5400,4351794
2016-10-10,35.8100,36.9100,35.7700,36.2300,4023286
2016-10-07,35.5100,35.5800,35.0200,35.3500,2383439
2016-10-06,35.8600,35.9300,34.8900,35.2500,2142604
2016-10-05,34.5000,35.6100,34.3400,35.4200,4432873
2016-10-04,34.2900,34.6200,33.5900,34.0200,2777898
2016-10-03,33.4800,34.2150,33.2900,34.1100,2411501
2016-09-30,33.3200,33.8000,32.9800,33.5100,2752683
2016-09-29,32.7200,33.7900,32.5200,33.0900,4003532
2016-09-28,31.2600,32.9100,30.8100,32.7600,3298598
2016-09-27,31.3800,31.4000,30.7000,31.0700,3001320
2016-09-26,31.3600,32.0100,31.0600,31.7700,2956051
2016-09-23,32.1600,32.3500,31.1200,31.3700,3990208
2016-09-22,33.2700,33.4700,32.0800,32.2700,2958793
2016-09-21,32.3200,32.8050,31.9550,32.7000,3003100
2016-09-20,32.7700,32.9000,32.0900,32.1000,2214000
2016-09-19,33.2200,33.4050,32.6000,32.7800,2811892
2016-09-16,31.9100,33.0000,31.7208,32.9700,5107550
2016-09-15,32.2200,32.7800,31.9500,32.3800,2088037
2016-09-14,32.1200,32.9500,31.9400,32.0800,2261277
2016-09-13,33.3300,33.4800,31.9900,32.3100,2476120
2016-09-12,33.3500,34.0700,33.1300,33.9300,2218537
2016-09-09,34.4500,34.4600,33.5700,33.6300,3276336
2016-09-08,34.6900,34.9800,34.0700,34.8300,3724542
2016-09-07,34.8900,34.9700,34.3300,34.4300,2424595
2016-09-06,34.8500,34.9800,34.1000,34.7700,3001223
2016-09-02,34.9000,35.0000,34.6200,34.8600,2914314
2016-09-01,33.6700,34.3100,33.2550,34.2900,2921944
2016-08-31,34.0200,34.1250,33.3300,33.8500,2749220
2016-08-30,34.3700,34.7800,34.0200,34.2400,2368677
2016-08-29,33.9000,34.0800,33.6750,33.7800,1944582
2016-08-26,34.1300,34.2200,33.5000,33.9100,1719896
2016-08-25,33.4700,33.9500,33.1300,33.9500,2181669
2016-08-24,33.4200,34.0200,33.1900,33.4700,2641256
2016-08-23,33.7300,34.0700,33.4600,33.6200,2671369
2016-08-22,33.6400,33.8100,33.2200,33.6900,1638475
2016-08-19,33.5400,34.0550,33.1210,33.9800,3165950
2016-08-18,33.9900,34.1900,33.7000,33.8300,3838460
2016-08-17,33.7900,33.9600,33.2400,33.7700,2982695
2016-08-16,33.6900,33.8800,33.3900,33.7400,8798206
2016-08-15,34.1300,34.6800,34.1066,34.5700,2598583
2016-08-12,33.4600,34.0800,33.0100,33.8500,2768171
2016-08-11,33.1100,33.9050,32.7900,33.3700,3105882
2016-08-10,32.8900,33.2400,32.4800,32.8100,2835991
2016-08-09,32.6400,32.9000,32.3300,32.6800,3024876
2016-08-08,32.8900,33.2300,32.4800,32.5800,3247702
2016-08-05,31.8900,32.9200,31.4400,32.5000,3519356
2016-08-04,30.2600,32.5500,30.2600,31.8900,10357119
2016-08-03,27.7400,28.5400,27.4900,28.4700,3265182
2016-08-02,28.1400,28.2500,27.3250,27.7700,2900407
2016-08-01,28.3400,28.3400,27.4100,27.7900,2152450
2016-07-29,27.6100,28.5750,27.5200,28.5100,2187699
2016-07-28,27.2000,28.3800,27.1600,27.9400,3211749
2016-07-27,27.9400,28.2000,26.9700,27.2100,2727893
2016-07-26,27.3200,28.0600,27.0900,27.8100,2985563
2016-07-25,27.8600,28.1100,27.1700,27.3200,2777308
2016-07-22,27.8900,28.3200,27.6500,27.9500,2738730
2016-07-21,28.1100,28.4700,27.6500,27.8400,1973055
2016-07-20,27.9500,28.1200,27.6200,27.9800,1538869
2016-07-19,28.3400,28.3800,27.9600,28.1200,1418279
2016-07-18,28.3200,28.5450,28.1100,28.4900,1469931
2016-07-15,28.3900,28.7500,28.1600,28.3800,1564313
2016-07-14,28.2400,28.6500,28.0500,28.3200,1913887
2016-07-13,28.4500,28.6900,27.4400,28.0400,2693243
2016-07-12,28.0000,28.7200,27.8800,28.4100,2605424
2016-07-11,27.5000,28.1000,27.3200,27.5200,3118457
2016-07-08,27.4300,27.5000,26.7600,27.3800,2615114
2016-07-07,27.2300,27.7200,26.6700,27.0500,3572317
2016-07-06,26.6200,27.0900,26.5100,26.8700,4268811
2016-07-05,26.7300,26.9300,26.4000,26.7200,2558596
2016-07-01,27.0300,27.3100,26.8100,27.1600,1581471
2016-06-30,26.2600,27.1800,26.1000,27.0600,2345193
2016-06-29,26.4200,26.5500,25.5700,26.3500,2308719
2016-06-28,25.1000,25.8100,25.0600,25.7300,2492907
2016-06-27,26.0100,26.1100,24.1200,24.5700,5243805
2016-06-24,25.9700,26.7500,25.9700,26.4100,11217898
2016-06-23,26.9200,27.2200,26.6650,27.2200,1944347
2016-06-22,26.6100,26.9900,26.5250,26.6200,1893752
2016-06-21,26.3500,26.7600,25.9800,26.5900,1889399
2016-06-20,26.6900,26.8900,26.3200,26.3700,1463454
2016-06-17,25.9200,26.4200,25.9200,26.2500,2392990
2016-06-16,26.2400,26.3000,25.7300,25.9700,2632162
2016-06-15,26.6900,26.9250,26.0900,26.7100,2010480
2016-06-14,26.5700,26.9800,26.2400,26.7600,2039806
2016-06-13,26.2500,26.9600,26.0300,26.6500,1883720
2016-06-10,27.0100,27.2600,26.3700,26.5300,1933926
2016-06-09,27.1600,27.8650,26.9900,27.4400,1841993
2016-06-08,27.4900,28.0100,27.3700,27.6200,2759261
2016-06-07,26.5800,27.2800,26.4800,27.2000,2486003
2016-06-06,26.2300,26.5600,25.8100,26.4900,2963411
2016-06-03,26.7200,26.9100,25.9700,26.0400,2107072
2016-06-02,26.0900,26.7300,26.0000,26.6400,2662469
2016-06-01,25.6200,26.5000,25.4200,26.4100,2739853
2016-05-31,25.9700,26.2200,25.8500,26.0700,2143206
2016-05-27,25.9600,26.0000,25.3300,25.9400,1855127
2016-05-26,25.9000,26.3500,25.7800,26.0200,3102626
2016-05-25,25.5100,25.8500,25.4500,25.8100,3191196
2016-05-24,25.5400,25.7500,24.9200,25.3500,8438177
2016-05-23,24.8100,25.1150,24.2800,25.0700,2487531
2016-05-20,25.2200,25.2700,24.6100,25.0100,1714154
2016-05-19,25.0200,25.1000,24.3000,25.0700,2562886
2016-05-18,25.5000,25.6500,25.0800,25.3900,1704105
2016-05-17,25.4000,26.2850,25.1100,25.5900,3366182
2016-05-16,25.2700,25.8700,24.9500,25.2100,4172921
2016-05-13,25.2400,25.5299,24.6950,24.8600,2249229
2016-05-12,25.0800,25.7500,25.0300,25.4800,2589227
2016-05-11,25.0500,25.3500,24.6300,24.7800,2056578
2016-05-10,24.1400,25.0700,24.0100,25.0700,2746149
2016-05-09,23.7300,24.1300,23.2000,24.0100,2714118
2016-05-06,23.4400,24.4600,23.3000,23.8100,4004848
2016-05-05,24.0500,24.4900,23.1700,23.7600,4412418
2016-05-04,22.5200,22.8000,21.7300,22.1400,2913126
2016-05-03,23.4200,23.4800,22.3300,22.4200,2774508
2016-05-02,23.0800,23.7400,22.9000,23.7300,3589747
2016-04-29,23.6900,24.0600,23.0000,23.4200,4457596
2016-04-28,24.5200,24.9000,23.5700,23.6300,2151420
2016-04-27,24.1500,24.7500,24.0400,24.5500,2836312
2016-04-26,23.4800,24.1300,23.3050,23.9000,2332636
2016-04-25,23.2900,23.5500,22.9850,23.2200,3531350
2016-04-22,23.4000,23.9100,23.3700,23.4400,2026828
2016-04-21,23.6500,23.8800,23.1800,23.2300,2253904
2016-04-20,23.1900,23.8800,22.8700,23.6000,2996138
2016-04-19,22.6900,23.6400,22.6500,23.4300,2728763
2016-04-18,21.3500,22.6250,21.2300,22.5400,2643420
2016-04-15,22.4800,22.4900,21.6800,21.9300,4076707
2016-04-14,22.4400,22.7700,22.1700,22.7600,2928251
2016-04-13,23.5000,23.5000,21.9700,22.3900,4576089
2016-04-12,22.4500,23.4500,22.2700,23.2300,5080427
2016-04-11,22.9900,23.0800,22.3300,22.4100,3346087
2016-04-08,23.4000,23.4300,22.3300,22.6700,4406666
2016-04-07,23.1200,23.4100,22.4950,22.7900,3030576
2016-04-06,22.0400,23.2650,21.9450,23.1600,6077232
2016-04-05,21.8700,22.2800,21.6500,21.7600,15530261
2016-04-04,22.9000,23.1100,22.4400,22.5500,1641089
2016-04-01,22.0500,23.2200,22.0300,22.8400,2078778
2016-03-31,22.7700,22.9700,22.2750,22.6000,1693974
2016-03-30,23.0000,23.0000,22.4900,22.8200,2711117
2016-03-29,21.4900,22.5700,21.3000,22.5700,2140534
2016-03-28,21.8600,21.9350,21.3800,21.9000,1636056
2016-03-24,21.1400,21.8200,21.0100,21.8200,2023359
2016-03-23,21.5500,22.0800,21.5100,21.6100,1846069
2016-03-22,21.4000,22.1800,21.2500,21.8300,1652107
2016-03-21,21.7700,22.0000,21.5100,21.6400,1504398
2016-03-18,22.0000,22.3400,21.4000,21.8800,3075539
2016-03-17,21.8300,21.9100,21.2200,21.8300,2441636
2016-03-16,20.9800,21.7200,20.9600,21.5900,2264103
2016-03-15,20.1600,20.8550,19.7400,20.8200,2057724
2016-03-14,20.3400,20.5900,20.1000,20.2900,1682504
2016-03-11,19.8200,21.0900,19.7500,20.4900,3059406
2016-03-10,19.5500,19.8400,19.0000,19.4000,2096152
2016-03-09,19.6700,20.0400,19.2700,19.7200,3330692
2016-03-08,19.5800,20.2600,19.1640,19.3100,3193876
2016-03-07,19.6300,19.8700,18.8800,19.8000,7055809
2016-03-04,18.8100,19.5400,18.2400,19.5000,5428669
2016-03-03,18.8900,19.1600,18.1900,18.5300,5474653
2016-03-02,18.9200,19.4000,18.5300,19.0900,3353793
2016-03-01,18.5200,19.2250,17.9700,18.9300,3831321
2016-02-29,18.5000,18.5800,18.0600,18.3800,3028333
2016-02-26,18.3600,18.5700,17.9400,18.0000,3086385
2016-02-25,16.8500,18.5600,16.8500,17.9600,4975202
2016-02-24,15.9200,16.6200,15.6900,16.5500,2270626
2016-02-23,16.7000,16.9400,15.8950,15.9300,2191161
2016-02-22,17.1600,17.2400,16.6700,16.9000,3451225
2016-02-19,16.3600,16.7300,16.0500,16.6600,2417407
2016-02-18,17.3300,17.4300,16.4200,16.7000,2707522
2016-02-17,16.6400,17.1100,16.4200,17.0500,3380919
2016-02-16,17.3500,17.5900,16.0400,16.4300,2470019
2016-02-12,16.6600,17.4000,16.1200,17.0500,3368932
2016-02-11,15.7200,16.5500,15.4300,16.3300,3018514
2016-02-10,15.8500,17.0100,15.5600,16.0600,1712058
2016-02-09,15.6800,16.4000,15.3900,16.0700,2795891
2016-02-08,15.9800,16.3400,15.4800,16.2700,3168594
2016-02-05,17.4600,17.6700,16.2100,16.3500,4354518
2016-02-04,19.2500,19.6000,17.7800,17.8100,3666079
2016-02-03,19.2700,19.2700,18.0300,19.0100,2068027
2016-02-02,18.1500,18.8250,18.0100,18.6200,1560382
2016-02-01,19.0900,19.1370,18.4800,18.8500,2911471
2016-01-29,19.2000,19.6300,18.8000,19.2600,4294982
2016-01-28,18.4700,19.3700,18.4103,19.1100,4649759
2016-01-27,17.3500,18.3600,17.1700,17.4600,3070655
2016-01-26,16.9700,17.6300,16.5900,17.5700,1964986
2016-01-25,16.5000,17.3600,16.4600,16.4700,2339613
2016-01-22,17.2500,17.8700,16.8900,17.2300,3004822
2016-01-21,15.5700,16.7800,15.1500,16.4800,2512464
2016-01-20,15.3200,15.9600,14.5100,15.6600,4640358
2016-01-19,16.5500,16.7300,15.4800,15.8700,2370000
2016-01-15,16.1000,16.5400,15.5000,16.4800,4169547
2016-01-14,16.4500,16.8800,16.0200,16.7600,3717679
2016-01-13,16.5700,17.0800,15.9100,16.3100,1959288
2016-01-12,16.8700,17.2300,15.7300,16.3500,3597675
2016-01-11,17.1300,17.6600,16.2810,16.4600,2452556
2016-01-08,18.0200,18.5500,17.4700,17.5200,2510695
2016-01-07,17.1400,18.3200,17.0600,17.7800,3124571
2016-01-06,17.7100,18.0900,17.4700,17.6100,2945631
2016-01-05,18.4100,18.9700,18.3700,18.4400,2893197
2016-01-04,18.4100,18.6000,18.1300,18.4700,2920611
2015-12-31,17.5100,18.6000,17.4400,18.4500,3051862
2015-12-30,17.4100,17.9400,17.3200,17.6600,2058300
2015-12-29,17.6600,17.8600,17.2400,17.8200,1552100
2015-12-28,17.3500,17.3900,16.9200,17.2200,1265831
2015-12-24,17.9100,18.1900,17.4000,17.7600,658121
2015-12-23,17.1300,17.9500,16.9900,17.9400,1889920
2015-12-22,16.8700,17.2100,16.6800,16.7500,3104497
2015-12-21,18.2100,18.2100,16.5200,16.8300,4371992
2015-12-18,17.9400,18.4999,17.8500,18.1900,3727842
2015-12-17,18.9700,18.9700,17.4900,18.0100,4014570
2015-12-16,19.3700,19.7700,18.8800,18.9500,3981489
2015-12-15,19.0500,19.8650,19.0400,19.3400,3896713
2015-12-14,17.8300,18.7600,17.6300,18.6600,4512339
2015-12-11,18.3400,18.4900,17.9700,18.1400,4562633
2015-12-10,18.5400,18.8100,18.3500,18.5900,11904077
2015-12-09,19.1500,19.6900,18.6800,18.8600,2042241
2015-12-08,17.7500,18.9400,17.6706,18.8100,2974251
2015-12-07,18.1700,18.3100,17.5400,18.0700,3436459
2015-12-04,19.0400,19.2900,18.4500,18.7800,2367943
2015-12-03,19.4300,19.5900,19.0400,19.2500,1812508
2015-12-02,19.8000,19.9100,18.6700,19.1200,2889873
2015-12-01,20.1200,20.3300,19.5200,19.7600,2326670
2015-11-30,19.3700,20.0400,19.3700,19.6500,2115349
2015-11-27,19.4400,19.4566,18.9000,19.1000,686718
2015-11-25,19.5200,19.9600,19.1400,19.7700,1653395
2015-11-24,19.2600,19.9400,18.9900,19.8200,2302743
2015-11-23,18.8600,19.2600,18.6900,18.9700,1667809
2015-11-20,19.2800,19.4200,18.9700,19.0500,1414918
2015-11-19,19.4300,19.6000,18.7000,19.2600,1949471
2015-11-18,19.0200,19.7400,18.8800,19.6400,2219253
2015-11-17,18.7600,19.2500,18.6400,18.8600,1950509
2015-11-16,18.2200,19.0000,18.2000,18.9700,2400137
2015-11-13,17.7600,18.3200,17.4200,18.2500,2642160
2015-11-12,17.7300,18.0700,17.3700,17.5800,2903902
2015-11-11,18.7000,18.7000,18.0000,18.4700,2219328
2015-11-10,18.5800,18.8900,18.3000,18.6400,2421161
2015-11-09,18.2200,18.9000,17.9420,18.6500,3093774
2015-11-06,17.7200,18.4932,17.6900,18.1300,2548411
2015-11-05,17.1400,18.3800,17.0700,17.9000,3004891
2015-11-04,17.8400,18.0400,17.0400,17.4800,3537218
2015-11-03,18.1000,18.5100,17.7100,17.7800,3350834
2015-11-02,17.5700,18.1600,17.3100,17.8200,2155319
2015-10-30,17.5200,18.1400,17.1700,17.7300,2148216
2015-10-29,17.3400,18.3700,17.3400,17.4600,1767310
2015-10-28,16.6500,17.8700,16.2700,17.3000,1709672
2015-10-27,16.4000,16.6900,16.0700,16.5800,2815587
2015-10-26,16.8200,16.8900,16.1900,16.7400,1933892
2015-10-23,16.8000,17.2000,16.3700,16.9000,1830272
2015-10-22,16.8100,17.1800,16.5600,16.9000,1339466
2015-10-21,17.0000,17.0000,16.5100,16.7200,1031217
2015-10-20,17.1400,17.5900,16.8700,17.1200,2010325
2015-10-19,17.4800,17.6080,16.7800,17.0900,1978846
2015-10-16,17.8600,18.2200,17.5300,17.6800,1908335
2015-10-15,17.4900,17.8500,17.0400,17.8400,2008037
2015-10-14,17.0300,17.6600,16.9050,17.5300,1765234
2015-10-13,17.7500,18.0600,16.9700,17.0500,2474314
2015-10-12,18.1400,18.1400,17.4000,17.7400,1662358
2015-10-09,18.0900,18.1100,17.3500,18.0900,2581175
2015-10-08,17.3700,18.0100,17.2154,17.7800,2615012
2015-10-07,17.5400,17.8900,16.7100,17.4800,3507378
2015-10-06,16.6400,17.2900,16.2500,17.0900,3158249
2015-10-05,16.6300,16.9900,16.4100,16.5400,2143209
2015-10-02,15.2200,16.3400,15.1500,16.2700,2154513
2015-10-01,15.3700,15.6600,14.6000,15.2900,2802153
2015-09-30,14.6300,15.1100,14.5100,15.0700,3525865
2015-09-29,14.1100,14.6700,13.9000,14.5800,2797971
2015-09-28,14.6800,14.6800,13.8400,14.0300,2303777
2015-09-25,15.4100,15.4300,14.6000,14.6400,1979202
2015-09-24,15.0300,15.3500,14.7700,15.1300,3200891
2015-09-23,15.7200,16.0900,15.1900,15.2400,1799647
2015-09-22,15.3600,16.0300,15.3500,15.5600,2327653
2015-09-21,15.7200,16.2400,15.7200,15.8500,2396738
2015-09-18,14.6000,15.8000,14.5800,15.7900,14207931
2015-09-17,16.3600,17.0400,16.2200,16.5400,2088477
2015-09-16,15.9100,16.5900,15.9050,16.4000,2891166
2015-09-15,15.0500,15.5800,15.0000,15.5600,1643723
2015-09-14,15.3700,15.5450,14.6800,14.9900,2643857
2015-09-11,15.1700,15.3700,14.4500,15.0500,1877079
2015-09-10,15.3300,15.6200,14.9400,15.3700,1665300
2015-09-09,15.9600,16.3800,15.2300,15.3000,1865185
2015-09-08,15.5200,16.3300,15.4500,15.9400,1625877
2015-09-04,15.9500,16.0400,15.4600,15.8900,1614497
2015-09-03,16.4100,17.2100,16.1200,16.1800,2266141
2015-09-02,16.4600,16.5200,15.3400,16.4700,2523130
2015-09-01,16.3500,17.0400,15.8100,15.9300,3861350
2015-08-31,16.4700,17.3100,15.8400,17.2000,2551156
2015-08-28,15.5300,16.8150,15.4200,16.5700,2773375
2015-08-27,14.9800,15.9600,14.8100,15.6000,2205516
2015-08-26,14.1800,14.3900,13.7800,14.3900,1800700
2015-08-25,14.6100,14.6100,13.6800,13.7200,1937800
2015-08-24,14.0300,14.7920,13.2900,13.7300,2068391
2015-08-21,15.0000,15.4000,14.7100,14.7200,2053855
2015-08-20,15.2300,15.5300,15.0600,15.1100,1257494
2015-08-19,15.9900,16.2800,15.1600,15.5000,1855335
2015-08-18,16.1700,16.4200,15.8000,16.1600,1181505
2015-08-17,16.0700,16.4100,15.7600,16.2000,1387457
2015-08-14,16.1500,16.4900,15.6700,16.1600,1903714
2015-08-13,16.2000,16.5000,15.6800,15.9000,2462689
2015-08-12,15.7300,16.6300,14.8000,16.2500,5187635
2015-08-11,14.6900,15.7900,14.5100,15.5800,2915693
2015-08-10,14.4100,15.2500,14.2000,15.1600,2617896
2015-08-07,14.4100,15.7500,14.3900,14.4200,2378826
2015-08-06,14.1100,15.3000,13.8500,15.2500,2515274
2015-08-05,14.4200,14.9500,13.6950,14.2600,2553003
2015-08-04,14.3700,14.8300,14.0200,14.1500,2470569
2015-08-03,14.2500,14.8020,14.0000,14.2200,2093404
2015-07-31,14.4500,14.6700,14.1800,14.4600,1506676
2015-07-30,14.6000,14.9800,14.3000,14.5100,2168611
2015-07-29,14.2900,14.9000,14.1400,14.7600,1875611
2015-07-28,14.1000,14.4600,13.8400,14.3300,2988829
2015-07-27,14.5300,14.7000,13.9500,14.0600,2134238
2015-07-24,15.4200,15.6290,14.5700,14.8600,1831226
2015-07-23,15.4700,15.8200,15.1800,15.4200,1583726
2015-07-22,15.3600,15.5400,14.9000,15.3900,1738992
2015-07-21,15.6600,16.1900,15.1900,15.4400,1709501
2015-07-20,16.1300,16.1300,15.3800,15.5100,1036287
2015-07-17,16.4800,16.6000,15.7900,16.2000,1603096
2015-07-16,16.9900,17.4400,16.3000,16.4500,1038634
2015-07-15,17.1900,17.4200,16.4300,16.7100,1259942
2015-07-14,16.8600,17.5800,16.8100,17.4200,1599479
2015-07-13,16.6400,16.9000,16.1400,16.8600,1321814
2015-07-10,17.0800,17.2800,16.5000,16.6500,1217916
2015-07-09,16.7600,17.2800,16.5400,16.9400,1456763
2015-07-08,16.5700,16.8600,16.1150,16.3600,1339771
2015-07-07,16.1600,16.8575,15.4400,16.7500,2661015
2015-07-06,16.5100,16.7200,15.9400,16.0300,2100621
2015-07-02,17.1000,17.3800,16.9200,17.0000,963936
2015-07-01,17.4500,17.7500,16.8000,17.0200,1765150
2015-06-30,17.5800,17.6200,16.9800,17.4200,2400305
2015-06-29,17.6300,17.8600,17.1800,17.2600,1691372
2015-06-26,18.5300,18.5500,17.8200,18.0100,3346538
2015-06-25,18.3600,18.7400,17.9500,18.5800,1759471
2015-06-24,18.4400,18.6000,18.2350,18.4300,1354594
2015-06-23,18.3500,18.5900,18.2190,18.4500,1284944
2015-06-22,17.9400,18.5300,17.5400,18.3600,1429992
2015-06-19,17.7500,18.0200,17.4300,17.9400,3053870
2015-06-18,18.0900,18.5500,17.6800,17.8500,2044325
2015-06-17,18.6000,18.7700,17.7800,18.0100,1735218
2015-06-16,18.3600,18.6100,17.9500,18.4200,1670228
2015-06-15,18.2600,18.6500,18.0000,18.3400,1695072
2015-06-12,18.6600,18.8900,18.0300,18.2200,1935543
2015-06-11,18.8600,19.0200,18.5200,18.8200,1123310
2015-06-10,18.6200,19.0000,18.3550,18.8700,2085697
2015-06-09,18.2000,18.7800,18.0400,18.5200,1584659
2015-06-08,17.9300,18.6000,17.7800,18.0000,1872213
2015-06-05,17.5700,18.5000,17.5100,18.0600,1764437
2015-06-04,18.1300,18.1900,17.4800,17.6900,1490691
2015-06-03,17.5600,18.2100,17.5600,18.0300,1582318
2015-06-02,17.2000,17.9200,17.2000,17.8300,1324248
2015-06-01,17.4500,17.6400,16.9901,17.3600,1903928
2015-05-29,16.6100,17.7200,16.6100,17.4900,2312175
2015-05-28,17.3200,17.3600,16.1600,16.7200,2826947
2015-05-27,17.2300,17.6600,17.0400,17.4600,1993872
2015-05-26,17.2300,17.6300,16.9700,17.2800,1783920
2015-05-22,17.3800,17.8300,17.2700,17.5100,928058
2015-05-21,17.3700,17.7700,17.1600,17.5500,1405005
2015-05-20,17.4800,17.6300,16.9300,17.1000,1603630
2015-05-19,17.7900,18.2199,17.4300,17.5800,1862852
2015-05-18,17.7800,18.0400,17.4900,18.0100,1251634
2015-05-15,17.3800,17.8450,16.8400,17.6200,1004546
2015-05-14,16.8300,18.0300,16.5600,17.3000,2319609
2015-05-13,15.9300,17.0400,15.5200,16.6700,4217844
2015-05-12,15.8700,16.4400,15.7900,16.0000,1522318
2015-05-11,16.6600,16.9500,15.8600,15.9200,1702487
2015-05-08,16.6000,16.7400,15.8000,16.5000,1686305
2015-05-07,16.7700,16.7700,15.7800,16.3500,1330223
2015-05-06,16.6900,17.2300,16.3440,16.8300,1216868
2015-05-05,17.5000,17.7500,16.4200,16.5000,1124323
2015-05-04,16.9000,17.2600,16.4900,17.1800,1428154
2015-05-01,17.2900,17.4400,16.7900,16.8400,1400549
2015-04-30,17.3500,18.0000,17.0000,17.3400,2547896
2015-04-29,16.6400,17.7900,16.6100,17.3700,1608888
2015-04-28,16.7000,17.0500,16.6700,16.7600,545013
2015-04-27,16.8900,17.2250,16.6800,16.7200,1220198
2015-04-24,16.6500,16.9300,16.3800,16.7200,869981
2015-04-23,16.0500,16.9700,16.0500,16.7000,1018844
2015-04-22,16.2100,16.4000,15.7900,16.0700,880224
2015-04-21,16.5900,16.7300,15.9200,16.0900,1241422
2015-04-20,16.4000,16.8200,16.2500,16.5400,1164364
2015-04-17,16.7500,16.7900,16.1400,16.4300,1566237
2015-04-16,17.5600,17.6200,16.7600,16.8500,2400377
2015-04-15,17.6000,18.1300,16.9500,17.6800,2543619
2015-04-14,17.2100,17.5999,16.9800,17.3800,1469798
2015-04-13,17.4800,17.4800,16.7900,16.9900,1882612
2015-04-10,17.3400,17.4400,16.8000,17.3600,1667967
2015-04-09,16.8300,17.4500,16.6700,17.2100,1980696
2015-04-08,17.4300,17.4700,16.5550,16.6700,2502244
2015-04-07,17.3500,17.6900,17.1900,17.4400,3602783
2015-04-06,17.0600,17.6500,16.9500,17.4500,3208107
2015-04-02,16.5000,17.2600,16.4000,16.7700,2449082
2015-04-01,15.9000,16.9400,15.8700,16.5600,3570194
2015-03-31,15.8000,16.2800,15.6900,15.9800,1091750
2015-03-30,15.7100,16.1100,15.5200,16.0500,1183951
2015-03-27,16.1600,16.2500,15.5800,15.9000,1508455
2015-03-26,16.2600,16.5000,15.7400,16.2400,1660292
2015-03-25,15.4800,16.4600,15.4800,15.8700,2183807
2015-03-24,14.8400,15.2000,14.5000,15.1500,1610411
2015-03-23,14.8100,15.2500,14.4600,14.5400,864225
2015-03-20,14.8000,15.0600,14.4600,14.8400,1134804
2015-03-19,14.7100,14.9000,13.9000,14.6000,2556006
2015-03-18,14.7900,15.4200,14.4000,15.0500,1636147
2015-03-17,15.0900,15.6100,14.9600,15.0200,1544708
2015-03-16,14.4700,15.0700,14.0600,14.9900,1455127
2015-03-13,14.3800,14.6900,13.8600,14.6100,1515054
2015-03-12,14.4900,14.9400,14.1800,14.5700,1429845
2015-03-11,14.2800,14.5400,13.9100,14.3300,2160207
2015-03-10,13.6800,14.4500,13.6800,14.3100,1149630
2015-03-09,13.5000,14.3800,13.4130,13.9100,2032365
2015-03-06,14.1000,14.3900,13.3900,13.5000,1436577
2015-03-05,14.5100,14.7300,14.1000,14.2500,1031597
2015-03-04,14.4900,14.6800,14.0500,14.4900,1427251
2015-03-03,14.6400,14.8900,14.4000,14.5200,916188
2015-03-02,14.8100,14.8349,14.0100,14.6500,1865092
2015-02-27,15.6300,16.0000,14.7500,14.8900,1933765
2015-02-26,16.0200,16.1300,15.3500,15.7100,2854611
2015-02-25,15.9100,16.4000,15.6400,16.2500,1038165
2015-02-24,16.3600,16.3900,15.6150,15.9100,835286
2015-02-23,16.0500,16.6500,15.9500,16.1600,712760
2015-02-20,16.7500,16.9850,16.2300,16.3600,724066
2015-02-19,15.8300,17.1600,15.8300,16.7500,1066938
2015-02-18,16.6800,17.2400,16.4100,16.4700,725152
2015-02-17,17.1400,17.3700,16.1900,16.9700,944484
2015-02-13,16.5500,17.3300,16.4900,17.2800,1375383
2015-02-12,16.6100,17.2500,16.1200,16.4800,2032806
2015-02-11,16.1900,16.9000,15.3900,16.2000,2587376
2015-02-10,16.6500,16.7950,15.5000,16.3100,2686409
2015-02-09,17.4400,17.7300,16.6100,16.6500,1594887
2015-02-06,17.6500,18.2200,15.8800,17.5900,7686821
2015-02-05,17.8500,18.2600,17.3800,17.6200,1057562
2015-02-04,17.2500,17.8000,16.8700,17.7100,1837874
2015-02-03,17.7500,18.3400,16.9900,18.2900,2721109
2015-02-02,16.6600,17.3900,16.0400,17.1100,2125759
2015-01-30,16.1200,17.1000,15.6600,16.7700,1564029
2015-01-29,16.1400,16.6100,14.8950,16.5500,1809032
2015-01-28,16.9100,16.9100,15.8500,16.0100,1259130
2015-01-27,16.7100,17.7100,16.3300,17.0900,1793665
2015-01-26,16.6200,17.1400,15.8000,17.1100,1938224
2015-01-23,16.5900,17.0350,16.3400,16.8300,1164923
2015-01-22,16.9100,16.9300,15.9600,16.6900,1336343
2015-01-21,15.6500,17.0700,15.6280,16.6200,2415494
2015-01-20,15.4700,15.7200,15.0000,15.6500,1201828
2015-01-16,14.6800,15.8100,14.6700,15.7200,1298677
2015-01-15,15.4400,15.6200,14.6000,14.6600,1651089
2015-01-14,13.7500,15.0400,13.4400,14.9700,2074729
2015-01-13,13.6900,14.3250,13.3800,13.8600,1559855
2015-01-12,14.3000,14.4800,13.4300,13.7300,1262106
2015-01-09,14.5300,14.6940,13.6900,14.3000,1610517
2015-01-08,13.7700,14.8750,13.7100,14.5000,1650570
2015-01-07,14.2300,14.6200,13.5000,13.6300,1727277
2015-01-06,14.7000,15.1300,13.9100,14.0600,1483996
2015-01-05,15.7600,15.8400,14.3500,14.8900,1588609
2015-01-02,15.9200,16.5000,15.3900,16.0200,1092541
2014-12-31,15.5800,16.0000,15.0000,15.9600,1167366
2014-12-30,16.2700,16.3700,15.3790,15.6300,1189010
2014-12-29,16.2000,16.6800,15.9650,16.4100,1161090
2014-12-26,16.1300,16.4750,15.9100,16.2700,505559
2014-12-24,16.1000,16.2300,15.5300,16.0200,586772
2014-12-23,15.9700,16.4669,15.7700,16.3900,1398144
2014-12-22,15.6200,16.3700,15.1500,15.9300,1739351
2014-12-19,14.6100,15.9900,13.9000,15.9200,3690304
2014-12-18,13.9200,14.7850,13.5300,14.5900,2662518
2014-12-17,12.2800,14.7500,12.2800,13.7100,2112502
2014-12-16,11.4800,12.5500,11.4000,12.3700,1960554
2014-12-15,11.5500,11.8500,11.5100,11.6400,1310024
2014-12-12,11.4300,11.8700,11.2400,11.5100,2664006
2014-12-11,11.8300,12.2400,11.6700,11.7500,2161676
2014-12-10,12.0700,12.3700,11.7600,11.9000,2089760
2014-12-09,11.1800,12.5500,11.1500,12.4900,1834593
2014-12-08,12.4700,12.6300,11.1100,11.2600,1300980
2014-12-05,13.0600,13.2600,12.5000,12.6300,1142810
2014-12-04,13.5000,13.7500,13.0200,13.1400,1471048
2014-12-03,13.0500,14.0500,12.9000,13.7200,1863172
2014-12-02,12.5500,13.2200,12.4600,12.9600,1896965
2014-12-01,12.4100,12.7700,12.3100,12.7000,3436950
2014-11-28,15.4500,15.4900,12.6000,12.6400,2269840
2014-11-26,17.2500,17.4500,16.6900,16.8300,709211
2014-11-25,17.5400,17.7800,17.1600,17.3300,1182783
2014-11-24,17.8400,17.8900,17.1000,17.5000,1451147
2014-11-21,17.9000,18.2550,17.8300,17.9000,1490927
2014-11-20,16.5400,17.7600,16.3900,17.7000,1384767
2014-11-19,16.5500,16.9400,16.1800,16.5500,1370004
2014-11-18,16.8900,17.2200,16.2600,16.5100,1426902
2014-11-17,17.8400,18.0000,16.6920,16.8600,1205190
2014-11-14,17.7400,18.4100,17.6500,17.9500,1444269
2014-11-13,17.7700,18.1800,17.3600,17.6500,1627064
2014-11-12,17.3700,18.7200,16.9400,17.9100,4460929
2014-11-11,16.4600,16.6700,16.0800,16.4400,1401255
2014-11-10,16.6100,16.9600,16.3100,16.4600,1035708
2014-11-07,15.8800,16.7750,15.8200,16.4200,1391046
2014-11-06,15.6900,15.8900,15.3400,15.8200,722154
2014-11-05,15.6400,15.8800,15.2000,15.8300,1180202
2014-11-04,16.2400,16.3600,15.0900,15.4600,1055820
2014-11-03,17.0000,17.6900,16.4800,16.6000,1260929
2014-10-31,16.9400,17.1300,16.4300,16.9700,1244273
2014-10-30,17.7700,18.1800,17.3600,17.6500,1023487
2014-10-29,16.8300,17.3200,16.6700,17.1300,905347
2014-10-28,16.1000,16.8450,16.0000,16.7100,890971
2014-10-27,16.4800,16.4800,14.8750,16.0100,2225377
2014-10-24,17.3600,17.5250,17.1200,17.3100,688616
2014-10-23,17.3500,17.7000,16.7640,17.4900,1588421
2014-10-22,18.4800,18.4800,17.0300,17.0700,1329924
2014-10-21,18.1200,18.3900,17.3800,18.2500,1364886
2014-10-20,18.0600,18.2500,17.7500,17.9400,812873
2014-10-17,18.2200,18.8900,17.6400,18.0300,2424637
2014-10-16,17.0000,18.2400,16.5600,17.9900,1684956
2014-10-15,15.9200,17.4900,15.1600,17.1800,2308607
2014-10-14,17.2500,17.7690,16.2100,16.4000,1674737
2014-10-13,18.6300,18.9100,16.8000,16.8800,1918052
2014-10-10,18.6500,19.5900,18.5200,18.6900,1140107
2014-10-09,19.6800,19.6800,18.6100,18.8700,887349
2014-10-08,19.4900,19.8200,18.5400,19.7900,1194572
2014-10-07,19.3500,20.0500,19.2400,19.2800,980071
2014-10-06,19.2600,19.7700,18.9500,19.4800,1089425
2014-10-03,20.5700,20.5700,19.2100,19.3000,1136524
2014-10-02,20.8500,20.8500,19.6300,20.3500,2565120
2014-10-01,21.3800,21.8500,20.7900,21.0300,1546559
2014-09-30,21.2500,21.5700,20.7700,21.3300,2134181
2014-09-29,20.8600,21.7000,20.8100,21.3700,1825306
2014-09-26,20.2600,20.7300,20.0900,20.5100,763723
2014-09-25,20.6200,20.6200,20.0100,20.3200,838033
2014-09-24,20.3700,20.7100,20.0300,20.6600,494993
2014-09-23,20.2100,20.5650,20.0100,20.4100,868624
2014-09-22,20.6000,20.7700,20.1500,20.2600,1149606
2014-09-19,21.0400,21.2900,20.6050,20.7400,3894000
2014-09-18,21.3400,21.5350,20.8100,21.0000,1605500
2014-09-17,21.3200,22.0300,21.0800,21.2800,1645100
2014-09-16,20.7100,21.3500,20.5200,21.2000,1049900
2014-09-15,20.5500,20.8600,20.3100,20.6900,1187400
2014-09-12,20.7600,20.7600,20.4500,20.5100,784100
2014-09-11,20.4300,20.8700,20.2800,20.7600,1426000
2014-09-10,20.7100,20.8000,20.5400,20.6300,1260300
2014-09-09,20.6700,21.1700,20.6200,20.7800,1613000
2014-09-08,20.8700,21.0000,20.4900,20.7000,1011600
2014-09-05,21.0000,21.2400,20.7300,20.9500,1037500
2014-09-04,21.6000,21.8700,20.8000,20.8300,841200
2014-09-03,22.0100,22.3020,21.4950,21.5800,647400
2014-09-02,21.7700,22.4100,21.6400,21.9300,1685100
2014-08-29,21.5100,21.9400,21.3400,21.9200,992500
2014-08-28,20.7800,22.0000,20.7800,21.5500,1492900
2014-08-27,20.9200,21.0900,20.6273,20.9300,613100
2014-08-26,20.6200,21.6000,20.5250,20.9900,2221000
2014-08-25,20.0500,20.2500,19.9500,20.1600,578900
2014-08-22,19.9800,20.3400,19.8500,20.0200,872600
2014-08-21,20.3200,20.4065,19.5700,20.0800,1818300
2014-08-20,20.2100,20.4400,19.8000,20.3400,826300
2014-08-19,20.8700,21.2300,20.1900,20.3200,1315200
2014-08-18,20.4800,21.1799,20.2200,20.9500,871800
2014-08-15,20.0500,20.4700,19.6300,20.4300,1640200
2014-08-14,21.0000,21.1300,19.2900,19.8900,2804300
2014-08-13,23.0000,23.0000,20.8600,20.9600,2438800
2014-08-12,22.1200,22.2200,21.6000,21.9700,706700
2014-08-11,21.4300,22.4800,21.2500,22.2200,1912500
2014-08-08,21.4400,21.7300,21.0600,21.1500,895600
2014-08-07,21.8900,22.0140,21.2700,21.4200,1029200
2014-08-06,21.7000,22.3500,21.6800,21.7600,383400
2014-08-05,22.0000,22.2000,21.6415,21.9100,596200
2014-08-04,21.6300,22.5200,21.3710,22.2100,766400
2014-08-01,22.5100,22.7590,21.2600,21.5500,2206100
2014-07-31,23.1600,23.2800,22.5200,22.5700,978000
2014-07-30,23.9000,24.0800,23.2500,23.3100,868500
2014-07-29,23.2600,24.2300,23.1000,23.8600,1072600
2014-07-28,23.4400,23.6097,22.9300,23.3800,969600
2014-07-25,23.5500,23.7812,23.0200,23.3100,511500
2014-07-24,23.9700,24.0600,23.5000,23.8100,483700
2014-07-23,23.8000,24.0000,23.4600,23.9500,445600
2014-07-22,23.9900,24.1000,23.6300,23.8100,596100
2014-07-21,23.2800,24.1600,23.0700,23.8500,633700
2014-07-18,23.2900,23.4700,22.8700,23.2900,895500
2014-07-17,22.8500,23.6900,22.5900,23.3500,1011400
2014-07-16,22.7800,22.9100,22.5100,22.7100,462500
2014-07-15,23.1600,23.1900,22.4400,22.6100,2021400
2014-07-14,23.3300,23.4800,23.0300,23.1900,391200
2014-07-11,23.7500,23.7500,23.1400,23.2100,1040000
2014-07-10,23.1500,24.0000,23.0700,23.7400,761500
2014-07-09,23.4900,24.0000,23.2600,23.7800,1001400
2014-07-08,22.7700,23.6200,22.3900,23.4300,983900
2014-07-07,22.6000,23.1550,22.4000,22.9500,2047600
2014-07-03,23.0100,23.0500,22.5400,22.6200,464200
2014-07-02,23.4200,23.6000,22.8000,23.1200,1081200
2014-07-01,24.0300,24.0599,23.3600,23.3900,1252500
2014-06-30,23.6700,24.1500,23.5500,24.0700,874700
2014-06-27,24.0500,24.3300,23.2800,23.7300,5331600
2014-06-26,23.0800,24.0000,22.9100,23.9200,1006500
2014-06-25,22.1300,23.2000,22.1000,23.1000,1263500
2014-06-24,22.8000,23.1900,21.8000,22.1100,1869900
2014-06-23,23.2600,23.8600,22.5500,22.6900,1550400
2014-06-20,23.7100,24.0100,23.1400,23.2300,1426100
2014-06-19,23.5500,24.0700,22.9500,23.5400,1525200
2014-06-18,22.8000,23.4600,22.5000,23.1200,1597700
2014-06-17,23.9600,24.0200,22.3000,22.5900,2404400
2014-06-16,25.3600,25.3600,23.5000,23.6200,1427000
2014-06-13,25.1500,25.1750,24.5000,24.6000,686600
2014-06-12,25.0200,25.7000,24.8000,24.9900,1340600
2014-06-11,24.8000,25.0200,24.6200,24.9600,549700
2014-06-10,24.9300,25.0000,24.6100,24.7600,529600
2014-06-09,25.0900,25.1000,24.0700,24.7300,1039500
2014-06-06,25.1000,25.4070,24.6000,25.0000,1425900
2014-06-05,25.0000,25.2200,24.7700,25.1600,657300
2014-06-04,25.3400,25.3500,24.5300,24.8300,1001900
2014-06-03,24.3000,25.4500,24.0000,24.7300,1236900
2014-06-02,24.0000,24.3500,23.5000,24.3200,1146800
2014-05-30,24.0300,24.1800,23.5300,23.7700,687800
2014-05-29,23.5700,24.0500,22.7700,23.8900,1708600
2014-05-28,23.4900,23.6160,22.8000,23.3300,2236000
2014-05-27,22.3100,23.4200,22.3100,22.6800,2196900
2014-05-23,22.3000,22.6400,21.1900,22.2000,22290800
