timestamp,open,high,low,close,volume
2018-02-09,35.0600,35.4600,34.0900,35.2300,3150831
2018-02-08,37.3800,37.9500,34.8200,34.8300,3101045
2018-02-07,36.1000,36.8300,35.9900,36.3100,2218659
2018-02-06,36.0600,36.3300,35.2600,36.0500,2763499
2018-02-05,36.5000,37.2100,36.4600,36.5000,3994344
2018-02-02,36.5000,37.1100,36.4700,36.6100,1956676
2018-02-01,36.6900,37.2600,36.3700,36.4600,1516298
2018-01-31,36.3200,36.7300,36.2100,36.7000,1046349
2018-01-30,36.1600,36.3090,36.0300,36.1600,1136266
2018-01-29,37.0000,37.4900,36.3200,36.3600,1323231
2018-01-26,36.4800,36.9300,36.3000,36.9100,1404283
2018-01-25,36.4500,36.7100,36.3200,36.4500,1337014
2018-01-24,36.3800,36.5600,36.0600,36.3800,975500
2018-01-23,36.4000,36.4500,36.1300,36.2000,1544368
2018-01-22,36.0800,36.4000,35.9800,36.3100,1654648
2018-01-19,35.6100,36.0400,35.1600,35.9800,1512273
2018-01-18,36.5900,36.7400,35.6000,35.6300,1187734
2018-01-17,36.5400,36.9000,36.3300,36.5800,1212932
2018-01-16,36.5700,36.7400,36.0200,36.2500,1737754
2018-01-12,36.5000,36.7800,36.3200,36.4600,1296474
2018-01-11,36.4000,36.7300,36.0800,36.5200,1806083
2018-01-10,36.3000,36.3900,35.8600,36.3600,1164687
2018-01-09,36.5000,36.6200,36.1800,36.3100,1103864
2018-01-08,36.1200,36.4300,35.8600,36.3200,1187718
2018-01-05,36.3500,36.7700,35.9800,36.0500,2545382
2018-01-04,36.3600,36.4900,35.8800,36.3000,1488459
2018-01-03,36.3500,36.6200,36.2400,36.3700,1397965
2018-01-02,36.7600,36.8200,35.8100,36.3500,2030464
2017-12-29,36.9900,37.0800,36.5800,36.8000,1423263
2017-12-28,36.6000,37.0500,36.5000,37.0000,1485959
2017-12-27,36.3400,36.6400,36.1300,36.6200,1261666
2017-12-26,35.9600,36.4100,35.9100,36.3100,1037608
2017-12-22,36.0000,36.1500,35.7700,36.0000,1064306
2017-12-21,36.0000,36.2700,35.9300,36.0500,1164589
2017-12-20,36.3200,36.5700,35.8300,35.9600,1049199
2017-12-19,36.7400,36.9200,36.1500,36.2900,1733625
2017-12-18,36.7000,37.2600,36.4434,36.9100,2847154
2017-12-15,36.7400,36.9500,36.5000,36.5600,2509324
2017-12-14,37.0800,37.1700,36.4400,36.4800,2215672
2017-12-13,36.8200,37.1800,36.6700,37.0700,3189815
2017-12-12,36.7400,37.0100,36.0400,36.4600,4122416
2017-12-11,34.3300,35.3500,34.3300,35.3000,1674654
2017-12-08,34.5100,34.7000,34.2350,34.4200,1286960
2017-12-07,34.2000,34.7200,34.1800,34.4100,2081831
2017-12-06,34.2800,34.4400,33.7700,34.1100,3927239
2017-12-05,34.7500,35.1600,34.3900,34.4200,2700300
2017-12-04,35.4300,35.7900,34.5800,34.6700,2062617
2017-12-01,35.2500,35.6900,35.1400,35.3500,2668906
2017-11-30,35.3700,35.6500,35.2300,35.3400,2086918
2017-11-29,35.7800,35.9200,35.2400,35.3500,2617832
2017-11-28,35.6100,35.8500,35.4650,35.7000,2968007
2017-11-27,35.7400,35.9700,35.3700,35.6400,1874584
2017-11-24,35.7400,35.8000,35.1150,35.5900,858817
2017-11-22,35.8600,35.8900,35.6500,35.7000,1643730
2017-11-21,35.8500,36.1500,35.5200,35.6900,4158209
2017-11-20,35.1400,36.5000,35.1400,36.4100,3019945
2017-11-17,35.0200,35.6800,35.0200,35.3400,1960966
2017-11-16,34.4000,35.1500,34.3300,34.8800,1773536
2017-11-15,34.2800,34.5500,34.0600,34.4000,1209986
2017-11-14,33.8200,34.6350,33.7800,34.3700,1717394
2017-11-13,33.9900,34.1600,33.5900,33.9900,1879250
2017-11-10,33.8600,34.2300,33.8600,34.0200,1823188
2017-11-09,34.0300,34.4400,33.5600,34.0200,1898938
2017-11-08,34.3100,34.5200,33.7000,34.3800,2769192
2017-11-07,33.9100,35.6600,33.9000,34.4600,3954248
2017-11-06,34.3300,34.6300,33.8900,34.3600,3570932
2017-11-03,35.6400,35.6400,34.2400,34.4000,3011567
2017-11-02,35.6200,35.7600,35.3210,35.6200,1623913
2017-11-01,36.2700,36.3800,35.4100,35.5800,1356484
2017-10-31,35.8000,36.2500,35.8000,36.0600,1202690
2017-10-30,35.7100,35.9200,35.3500,35.8300,1132742
2017-10-27,36.0800,36.0800,35.3900,35.7000,2128428
2017-10-26,36.0900,36.2100,35.7000,35.7500,1069976
2017-10-25,35.8200,36.3800,35.6300,36.0800,1371757
2017-10-24,36.1400,36.3700,35.7500,35.8000,1337000
2017-10-23,36.5000,36.7900,36.1100,36.1200,1770391
2017-10-20,36.2700,36.5700,36.1200,36.5200,2422174
2017-10-19,35.4200,36.7700,35.3400,36.0600,1638719
2017-10-18,35.2200,35.6300,35.1300,35.4700,1460717
2017-10-17,34.7500,35.7500,34.5900,35.1700,2352780
2017-10-16,34.8400,34.9600,34.4500,34.5100,953996
2017-10-13,35.2400,35.3100,34.3800,34.8000,2118376
2017-10-12,34.6000,35.3500,34.5400,35.3300,2149000
2017-10-11,34.2300,34.7300,34.1900,34.6500,993599
2017-10-10,34.3100,34.3700,33.9800,34.3000,1959680
2017-10-09,34.5500,34.7500,34.2200,34.2300,1318448
2017-10-06,34.8100,34.9400,34.5300,34.5400,2610163
2017-10-05,34.8500,35.0200,34.7600,34.8300,1619637
2017-10-04,34.9100,35.0500,34.7700,34.9800,2041470
2017-10-03,34.1100,34.8200,33.8700,34.8100,2108624
2017-10-02,34.4700,34.6450,33.9500,33.9800,1900257
2017-09-29,34.1100,34.4600,34.0300,34.4200,2918806
2017-09-28,34.2100,34.3000,33.4800,34.1200,1862545
2017-09-27,34.5000,34.6600,34.0700,34.2300,2271839
2017-09-26,34.5000,34.6900,34.4100,34.4700,1281585
2017-09-25,34.1900,34.5300,34.1700,34.5100,2433922
2017-09-22,34.5100,34.6000,34.0700,34.1900,1766878
2017-09-21,34.8900,34.9500,34.4300,34.5000,1312385
2017-09-20,35.4900,35.5800,34.8600,34.9700,1913034
2017-09-19,35.5000,35.5800,35.0390,35.5500,2989076
2017-09-18,35.2000,35.5400,35.2000,35.4700,2152593
2017-09-15,35.0100,35.4800,34.9500,35.2700,5758833
2017-09-14,34.6500,35.2950,34.5910,35.0000,3622937
2017-09-13,34.6000,34.9600,34.2600,34.9400,3594305
2017-09-12,34.5600,34.7100,34.3400,34.6900,1582770
2017-09-11,34.4000,34.6400,34.1100,34.5900,3763489
2017-09-08,34.1100,34.3500,34.0000,34.1300,1502285
2017-09-07,34.3000,34.6100,34.1100,34.2100,2539314
2017-09-06,34.5000,34.7400,34.2700,34.3000,1898733
2017-09-05,34.1800,34.5700,34.1500,34.4400,1872070
2017-09-01,34.2200,34.4500,34.0000,34.2400,926736
2017-08-31,34.2300,34.2300,33.8000,34.1700,1344342
2017-08-30,34.0000,34.2100,33.6900,34.1600,1697833
2017-08-29,34.0400,34.1150,33.8300,33.9900,1081205
2017-08-28,34.3400,34.4600,33.9100,34.2200,2437758
2017-08-25,34.0400,34.3700,34.0300,34.3100,1176825
2017-08-24,33.9700,34.3900,33.8350,34.2900,2122810
2017-08-23,33.5100,34.2400,33.5100,34.0800,1862090
2017-08-22,33.3100,34.5000,33.3000,33.7300,5438845
2017-08-21,33.1500,33.1500,32.6500,32.9700,3714693
2017-08-18,33.4300,33.4900,32.9950,33.0500,1792950
2017-08-17,33.6800,33.8000,33.3100,33.3600,1204168
2017-08-16,33.8700,34.0500,33.6000,33.8000,1582037
2017-08-15,33.9800,34.5500,33.7400,33.8100,2345090
2017-08-14,34.0800,34.1700,33.8900,34.0400,2026609
2017-08-11,33.9600,34.1700,33.7600,33.8200,1957694
2017-08-10,34.2300,34.5400,33.9500,34.1700,2274966
2017-08-09,33.1900,34.3400,33.0800,34.3300,4491935
2017-08-08,32.5400,33.3000,32.4800,33.3000,1539028
2017-08-07,32.7300,32.8890,32.5400,32.7400,1150460
2017-08-04,32.4800,32.8900,32.4300,32.7000,872138
2017-08-03,32.5200,32.5900,32.0800,32.4200,866249
2017-08-02,32.6200,32.6500,32.2900,32.5800,1167769
2017-08-01,33.0100,33.0200,32.3700,32.6100,2755863
2017-07-31,32.3900,32.8700,32.2150,32.7900,1953495
2017-07-28,32.1500,32.5600,31.9800,32.3300,1640922
2017-07-27,32.5000,32.6200,32.1500,32.3100,2698079
2017-07-26,32.6500,32.6500,32.2300,32.4000,1338052
2017-07-25,32.3200,32.5800,32.0600,32.5000,1315415
2017-07-24,32.7900,32.8000,32.2000,32.2400,1605377
2017-07-21,32.0300,32.9100,32.0200,32.8000,2635063
2017-07-20,31.8300,32.2200,31.4100,32.0800,2892334
2017-07-19,31.3700,32.5000,31.2600,31.7900,3739464
2017-07-18,30.8700,30.9400,30.5700,30.8000,1780720
2017-07-17,31.0600,31.1800,30.7200,30.8700,2148207
2017-07-14,30.1300,30.4100,29.9800,30.3500,1720441
2017-07-13,29.9100,30.0250,29.7300,30.0000,2866964
2017-07-12,30.1000,30.2200,29.8700,29.9200,2114476
2017-07-11,30.1700,30.2700,29.8600,29.9300,1516285
2017-07-10,30.3900,30.4300,29.9400,30.0500,1281088
2017-07-07,30.0500,30.3400,29.8900,30.3200,1516196
2017-07-06,30.4600,30.6000,30.0100,30.0600,2444510
2017-07-05,30.8300,30.9000,30.1500,30.7600,2203154
2017-07-03,30.9800,31.0300,30.4100,30.9300,899065
2017-06-30,31.0000,31.0600,30.8750,30.9000,1880277
2017-06-29,31.4200,31.4300,30.6500,30.9000,2235577
2017-06-28,31.6400,31.6400,31.3500,31.4500,1902628
2017-06-27,31.4800,31.8800,31.2800,31.5100,2399637
2017-06-26,31.5300,31.6800,31.3850,31.4800,1639245
2017-06-23,31.5000,31.6500,31.3900,31.5400,2848314
2017-06-22,31.9300,31.9300,30.8500,31.2700,3823836
2017-06-21,31.8900,31.9450,31.6200,31.8100,1052903
2017-06-20,32.2800,32.3600,31.7300,31.8600,986581
2017-06-19,32.4500,32.5300,32.2200,32.2600,931461
2017-06-16,32.0000,32.3800,31.7800,32.2800,1852069
2017-06-15,32.4500,32.6800,31.6800,32.1300,1618242
2017-06-14,32.4600,32.7600,32.4600,32.6800,1085840
2017-06-13,32.2600,32.4400,32.1000,32.4400,1021333
2017-06-12,32.1300,32.3600,31.6800,32.2000,1954969
2017-06-09,32.0000,32.5800,31.8600,32.2300,1612814
2017-06-08,31.9100,32.3200,31.7050,32.0400,1653515
2017-06-07,32.2300,32.4300,31.7800,31.8600,1324069
2017-06-06,32.3000,32.5300,32.1250,32.1500,1124330
2017-06-05,32.0200,32.3800,32.0100,32.2800,2253230
2017-06-02,32.4400,32.7300,32.1000,32.1300,1704649
2017-06-01,31.9800,32.5900,31.9800,32.2100,2624756
2017-05-31,32.1200,32.3300,31.8000,32.1600,2754393
2017-05-30,31.5700,32.0500,31.4800,32.0200,2797350
2017-05-26,32.0000,32.1000,31.7400,31.7700,975360
2017-05-25,31.5200,32.1000,31.4200,32.0700,1447253
2017-05-24,31.6900,31.7900,31.4900,31.5100,1843827
2017-05-23,32.0800,32.1600,31.6500,31.8000,2773451
2017-05-22,31.4800,31.9300,31.4800,31.8800,2811888
2017-05-19,31.3400,31.7800,31.2300,31.2500,2238530
2017-05-18,31.1200,31.6200,31.0000,31.4400,3008707
2017-05-17,31.0800,31.3800,30.9400,31.1200,3730659
2017-05-16,31.5500,31.6000,31.1500,31.4200,4242313
2017-05-15,31.7700,32.2000,31.5700,31.5700,1810607
2017-05-12,32.2300,32.4000,31.6700,31.8200,3071691
2017-05-11,32.7300,33.1700,32.2710,32.3800,3439836
2017-05-10,32.3900,33.0000,32.1400,32.7100,14404011
2017-05-09,34.8900,35.0600,34.5300,35.0200,3084290
2017-05-08,33.8600,35.0300,33.6900,34.6800,3556945
2017-05-05,33.8100,34.0400,33.6200,33.8600,1585807
2017-05-04,34.0800,34.1200,33.4100,33.7600,2024842
2017-05-03,35.1900,35.1900,34.1900,34.2300,1375244
2017-05-02,34.9900,35.2700,34.8130,35.0900,1400955
2017-05-01,35.0000,35.3200,34.8600,34.9600,1272014
2017-04-28,34.8900,35.1700,34.4000,35.0700,1613298
2017-04-27,35.2100,35.4300,34.8000,34.8000,1712989
2017-04-26,35.1700,35.4900,35.0600,35.2200,1467746
2017-04-25,34.4800,35.1400,34.3800,35.0500,2703770
2017-04-24,34.4800,34.6800,34.0800,34.2500,1830979
2017-04-21,34.3100,34.3900,34.0480,34.2300,995191
2017-04-20,34.1100,34.4000,33.8750,34.3300,1317480
2017-04-19,33.6800,34.4300,33.6250,33.9900,1423423
2017-04-18,34.6400,34.7100,33.6600,33.6800,3012585
2017-04-17,33.1100,34.8600,33.1100,34.7600,4364251
2017-04-13,33.1400,33.2300,32.9100,33.0200,1298933
2017-04-12,32.9000,33.2100,32.6400,33.1400,1016865
2017-04-11,32.9200,33.0000,32.6500,32.8900,1381719
2017-04-10,32.9000,33.3400,32.7500,32.9900,1538463
2017-04-07,32.6600,33.1000,32.5000,32.8300,1327299
2017-04-06,32.4800,32.8000,32.2600,32.6200,1216503
2017-04-05,32.5000,32.7800,32.4100,32.5400,4956614
2017-04-04,32.6700,32.9700,32.1200,32.5000,4277475
2017-04-03,32.8700,32.9700,32.5700,32.9300,1914673
2017-03-31,32.8600,33.1400,32.8500,32.9000,1964605
2017-03-30,33.0900,33.1400,32.7200,32.8100,1595180
2017-03-29,32.8100,33.1450,32.7500,32.9100,1481743
2017-03-28,33.2100,33.2500,32.7100,32.9000,2388757
2017-03-27,33.2000,33.3500,32.8400,33.2300,1411658
2017-03-24,33.2500,33.5600,33.1800,33.2600,1366969
2017-03-23,33.3400,33.3600,33.0100,33.1200,2828653
2017-03-22,33.2800,33.4500,32.9830,33.2800,2328791
2017-03-21,33.9000,34.0100,33.1300,33.2700,3179555
2017-03-20,33.2500,33.8800,33.2050,33.6600,3995862
2017-03-17,32.6000,33.4400,32.5800,33.2900,4357226
2017-03-16,32.4100,32.7050,32.3800,32.6000,2153649
2017-03-15,32.2500,32.6800,32.0300,32.2600,3413214
2017-03-14,32.1000,32.2200,31.5700,32.0600,1550221
2017-03-13,32.2500,32.3300,31.9400,32.1100,1258435
2017-03-10,32.2600,32.5900,32.2400,32.4400,2357908
2017-03-09,31.7600,32.3100,31.7000,32.1400,2160846
2017-03-08,31.4400,31.7800,31.3200,31.7500,2018650
2017-03-07,31.8400,31.9400,31.3200,31.4100,1843295
2017-03-06,32.0000,32.0450,31.3750,31.8000,2509832
2017-03-03,32.1600,32.5200,32.0200,32.1900,2926850
2017-03-02,32.5200,32.7300,32.1200,32.2100,3265223
2017-03-01,31.8900,32.9000,31.4000,32.5600,5033066
2017-02-28,31.5300,31.7500,31.3200,31.5200,3614782
2017-02-27,31.0400,31.5300,30.8510,31.5000,1862990
2017-02-24,31.0700,31.2500,31.0000,31.0800,1564095
2017-02-23,31.6200,31.8800,31.0800,31.1600,3433643
2017-02-22,31.0900,31.6400,31.0800,31.5600,5154181
2017-02-21,30.7800,31.1000,30.6700,31.0300,1370676
2017-02-17,30.8000,31.0300,30.6400,30.8300,1778336
2017-02-16,31.0800,31.2200,30.8000,30.9900,3974741
2017-02-15,30.6900,31.6100,30.6900,31.4200,3294706
2017-02-14,31.1200,31.2000,30.6600,30.7500,2236639
2017-02-13,31.5700,31.8300,31.0800,31.0900,2962783
2017-02-10,30.0000,31.7290,29.9000,31.3500,5766072
2017-02-09,30.7300,30.9900,30.3500,30.7900,5114358
2017-02-08,30.6000,30.9000,30.5900,30.7700,2110382
2017-02-07,30.8100,30.9900,30.5200,30.6400,1993322
2017-02-06,31.4000,31.5630,30.6900,30.7800,2701563
2017-02-03,31.7000,31.8100,31.3800,31.5800,1685712
2017-02-02,31.4000,31.6700,31.3100,31.5800,1220177
2017-02-01,32.0100,32.1200,31.2400,31.3700,2900977
2017-01-31,31.8400,32.0600,31.6900,31.9600,3155001
2017-01-30,32.0900,32.1900,31.5700,31.9400,1455065
2017-01-27,31.8000,32.2350,31.7600,32.1800,2432332
2017-01-26,31.6100,31.7900,31.1400,31.7800,2419033
2017-01-25,31.7000,31.9000,31.4400,31.8300,2043070
2017-01-24,31.5500,31.6900,31.3900,31.5600,1738842
2017-01-23,31.8200,31.9100,31.3900,31.5000,2261840
2017-01-20,32.0500,32.2600,31.7800,31.9200,1659650
2017-01-19,32.1300,32.1700,31.7800,31.8500,1023907
2017-01-18,32.0400,32.0500,31.6800,32.0000,3113854
2017-01-17,31.9800,32.0700,31.6900,32.0500,1691407
2017-01-13,31.5700,32.2100,31.5700,31.9400,2613939
2017-01-12,30.9100,31.3100,30.7700,31.3000,3270275
2017-01-11,31.5400,31.6000,31.0000,31.0600,1837159
2017-01-10,31.0000,31.5500,30.8100,31.4600,2207753
2017-01-09,30.9500,31.3800,30.6100,30.9700,2778131
2017-01-06,30.4600,31.0500,30.4600,30.7500,4559539
2017-01-05,31.4900,31.5000,29.3000,30.3800,13952238
2017-01-04,33.4800,34.4200,32.1500,32.4500,5588700
2017-01-03,33.0300,33.5500,32.7800,33.5400,4103742
2016-12-30,33.3400,33.4850,32.7900,32.8600,1815509
2016-12-29,33.3700,33.6800,33.2850,33.3400,1246892
2016-12-28,33.5900,33.6900,33.2700,33.3400,1761119
2016-12-27,33.5000,33.8900,33.4300,33.6900,781260
2016-12-23,33.1700,33.4900,33.0000,33.4600,859684
2016-12-22,33.4100,33.4800,33.0900,33.2200,2329102
2016-12-21,32.9300,33.5550,32.7100,33.3500,1932352
2016-12-20,32.9500,33.2100,32.7450,32.9300,3270990
2016-12-19,32.8800,33.1100,32.8000,32.9100,2613006
2016-12-16,33.2800,33.3900,32.6800,32.8900,3991791
2016-12-15,32.8800,33.4600,32.8400,33.2100,1866333
2016-12-14,32.9000,33.2700,32.7100,32.9600,4398393
2016-12-13,32.9300,33.7850,32.9300,33.5600,3597255
2016-12-12,33.7900,33.9900,33.0900,33.4100,2894554
2016-12-09,34.2100,34.4300,33.7900,33.9100,2472117
2016-12-08,34.1800,34.5300,33.9450,34.2100,2003600
2016-12-07,33.8400,34.2900,33.4200,34.1800,2283066
2016-12-06,33.8900,34.2100,33.5700,33.9300,1962593
2016-12-05,33.6500,33.8200,33.4253,33.5000,3076692
2016-12-02,32.7600,33.5300,32.5000,33.4300,4251616
2016-12-01,34.6600,34.7600,32.9200,33.1300,5109241
2016-11-30,34.9400,35.6500,34.4900,34.5000,13524181
2016-11-29,34.8200,35.0100,34.2100,34.7100,2404845
2016-11-28,35.0000,35.0000,34.2300,34.7000,1773027
2016-11-25,34.5600,35.0400,34.4600,35.0400,1085786
2016-11-23,34.4900,34.6400,34.2300,34.3900,3111579
2016-11-22,35.2100,35.2250,34.2700,34.5100,2437459
2016-11-21,35.1400,35.3300,34.9200,35.1400,5178928
2016-11-18,34.8500,35.0900,34.7650,34.9200,2708066
2016-11-17,34.2100,34.9450,34.1500,34.8900,2658369
2016-11-16,32.8500,34.6700,32.6900,34.2200,4144409
2016-11-15,32.0600,32.9600,31.9200,32.8600,2906797
2016-11-14,32.9500,32.9700,31.9150,31.9800,2993987
2016-11-11,33.5000,33.7900,32.8500,32.8900,3257122
2016-11-10,33.6900,33.9200,33.3700,33.7100,3818850
2016-11-09,32.8000,33.9600,32.7000,33.4500,4792570
2016-11-08,32.4000,32.8000,32.1000,32.7500,3469833
2016-11-07,32.2500,32.5100,31.9600,32.3600,3236930
2016-11-04,31.8500,31.9100,31.5000,31.7100,2765195
2016-11-03,31.8600,31.9800,31.4900,31.7700,3150897
2016-11-02,32.3900,32.7500,31.5800,31.8100,3571585
2016-11-01,32.1300,32.4700,32.0800,32.4100,3081748
2016-10-31,32.5100,32.9300,32.1100,32.1800,3712809
2016-10-28,31.5700,32.7150,31.5700,31.9900,2939595
2016-10-27,31.5200,32.6000,31.2700,31.5400,7880680
2016-10-26,31.3500,31.5600,31.0800,31.3500,3176071
2016-10-25,31.8400,31.8400,31.4700,31.6000,1959807
2016-10-24,31.9800,32.0400,31.6800,31.7500,1954589
2016-10-21,31.6300,31.9050,31.5800,31.8200,1559486
2016-10-20,31.5900,31.8300,31.4500,31.7400,2009891
2016-10-19,31.4100,31.6050,31.0900,31.5100,1769525
2016-10-18,31.5000,31.5000,31.1000,31.2900,1946282
2016-10-17,31.1800,31.2700,31.0000,31.2400,1650572
2016-10-14,31.1000,31.3600,30.9500,31.1400,2423497
2016-10-13,31.0900,31.2400,30.8100,30.9800,3743599
2016-10-12,30.8200,31.1600,30.8200,31.1300,3239144
2016-10-11,31.3000,31.4000,30.9200,31.0700,3143285
2016-10-10,30.8200,31.3500,30.7800,31.2500,2433241
2016-10-07,30.7700,30.8200,30.5250,30.6800,2215879
2016-10-06,31.0100,31.0500,30.8850,30.9300,3632964
2016-10-05,30.5500,31.0800,30.4600,31.0100,5664707
2016-10-04,29.6700,30.5200,29.6700,30.5000,4906443
2016-10-03,29.4900,29.8550,29.4800,29.8100,2282716
2016-09-30,29.8700,29.9800,29.4900,29.7100,2896258
2016-09-29,30.4300,30.5900,29.8000,29.8000,2645550
2016-09-28,29.8000,30.4700,29.7700,30.4400,3780238
2016-09-27,29.8700,29.9600,29.5500,29.8200,1721824
2016-09-26,30.0600,30.3000,29.9000,29.9000,2313187
2016-09-23,29.8200,30.1500,29.7500,30.0800,3904894
2016-09-22,29.7900,30.2400,29.6700,29.7300,2546432
2016-09-21,29.3500,29.6100,29.1000,29.5800,6898002
2016-09-20,29.6400,29.7800,29.1050,29.2000,2669234
2016-09-19,29.3800,29.6150,29.2000,29.4900,2522353
2016-09-16,28.8300,29.2500,28.7300,29.2200,4630274
2016-09-15,28.2500,28.8800,28.1500,28.8700,1623469
2016-09-14,28.4000,28.7000,28.1500,28.2700,2142715
2016-09-13,29.0200,29.0800,28.2000,28.5000,1441897
2016-09-12,28.6900,29.3400,28.4400,29.2500,2719160
2016-09-09,29.7100,29.8000,28.8500,28.9300,1761061
2016-09-08,30.0200,30.2500,29.7700,29.9600,1709459
2016-09-07,29.7200,30.0800,29.6400,30.0400,3104336
2016-09-06,29.3000,29.8100,29.3000,29.8100,2870678
2016-09-02,29.2700,29.4200,29.1300,29.3500,2151673
2016-09-01,29.1000,29.2500,28.9700,29.0900,3371195
2016-08-31,28.9300,29.2400,28.6300,29.0100,2738830
2016-08-30,29.0300,29.4600,28.7850,29.3300,3113562
2016-08-29,28.4600,29.2200,28.4600,28.9000,2579714
2016-08-26,27.9900,28.9700,27.7400,28.4900,8886546
2016-08-25,29.2400,29.4100,28.9500,29.2400,3205594
2016-08-24,29.0200,29.5100,28.9800,29.2100,2221431
2016-08-23,29.1300,29.6400,28.9400,29.3300,1964901
2016-08-22,28.6900,29.1900,28.6200,29.1900,2211392
2016-08-19,28.7300,28.8300,28.5200,28.8000,1694678
2016-08-18,28.6000,28.9500,28.3400,28.8700,1469713
2016-08-17,28.4000,28.7100,28.1200,28.6300,1910229
2016-08-16,28.7100,28.8400,28.3800,28.4200,926870
2016-08-15,28.4700,28.9400,28.4700,28.7400,747161
2016-08-12,28.4100,28.6700,28.3600,28.4900,860099
2016-08-11,28.6200,28.7950,28.4726,28.5200,928452
2016-08-10,28.5100,28.6601,28.3750,28.5800,733863
2016-08-09,28.4000,28.5000,28.3000,28.4400,765031
2016-08-08,28.3200,28.4400,28.2600,28.4200,599530
2016-08-05,28.3200,28.4700,28.1700,28.3300,886180
2016-08-04,28.2400,28.4800,27.9800,28.2700,1048042
2016-08-03,28.0100,28.2700,27.8100,28.2400,1435093
2016-08-02,28.1700,28.3300,27.6250,28.0100,1765698
2016-08-01,28.3100,28.6000,28.0200,28.2100,1810864
2016-07-29,28.4700,28.5900,28.2500,28.3000,1232051
2016-07-28,28.6100,28.8000,28.2700,28.4800,1853660
2016-07-27,29.2600,29.2700,28.6850,28.7100,2858075
2016-07-26,29.3300,29.3500,29.0400,29.3000,1463607
2016-07-25,29.5800,29.7500,29.2000,29.2700,2168931
2016-07-22,29.2500,29.7600,29.1300,29.7200,5469555
2016-07-21,29.0000,29.3400,28.8100,29.2200,6168687
2016-07-20,28.8400,29.1800,28.4900,29.1600,8738561
2016-07-19,28.4000,28.7700,28.3400,28.7500,3688445
2016-07-18,28.5200,28.6500,28.2500,28.5500,3432795
2016-07-15,28.8300,28.9000,28.5300,28.7700,2765031
2016-07-14,28.9400,28.9550,28.4700,28.6400,2936030
2016-07-13,28.4700,28.9350,28.3900,28.7900,4875149
2016-07-12,28.8600,28.9000,28.3900,28.5000,2853380
2016-07-11,28.6100,28.8600,28.5600,28.6800,1729742
2016-07-08,27.9700,28.6500,27.8600,28.4900,1795239
2016-07-07,27.1600,27.9350,27.1600,27.8300,946361
2016-07-06,27.5600,27.7500,27.1800,27.5600,6279949
2016-07-05,27.7100,27.9800,27.6850,27.8000,1564181
2016-07-01,27.8600,28.0000,27.6750,27.9600,1251045
2016-06-30,27.4900,27.9300,27.3610,27.9300,1052038
2016-06-29,27.2200,27.6700,27.0000,27.5300,1188866
2016-06-28,26.6400,27.0300,26.4500,26.8900,1124508
2016-06-27,26.7000,26.8200,26.1000,26.3800,2110323
2016-06-24,26.9900,27.7000,26.7400,26.9800,4753551
2016-06-23,27.4000,28.0050,27.2900,27.9000,1818160
2016-06-22,27.5500,27.5600,27.1250,27.3000,1046960
2016-06-21,27.5100,27.5800,27.4100,27.5200,853335
2016-06-20,27.1400,27.5600,27.1250,27.4600,946705
2016-06-17,27.0000,27.0450,26.7900,26.9700,1613549
2016-06-16,26.9100,27.2350,26.7400,27.0900,1092334
2016-06-15,27.1900,27.2900,26.9600,27.0100,1072151
2016-06-14,27.0000,27.2700,26.9600,27.0800,1893416
2016-06-13,27.3800,27.8200,27.0600,27.0900,1590300
2016-06-10,28.0300,28.1600,27.2700,27.4000,1670716
2016-06-09,28.0100,28.1900,27.8900,28.1200,1165970
2016-06-08,27.9600,28.1800,27.9100,28.1500,1659891
2016-06-07,27.8400,28.0300,27.7500,27.9100,1935517
2016-06-06,27.7700,27.9500,27.6300,27.7500,955662
2016-06-03,27.9300,28.0400,27.6500,27.7600,624026
2016-06-02,27.7800,28.0400,27.6100,28.0000,1355569
2016-06-01,27.8100,28.0200,27.6550,27.7900,863148
2016-05-31,27.9600,27.9850,27.6600,27.7800,1894818
2016-05-27,27.7900,28.2700,27.7900,28.0000,1136416
2016-05-26,27.9400,28.0000,27.7800,27.7800,730759
2016-05-25,27.8300,27.9600,27.6100,27.8800,910368
2016-05-24,27.5900,27.7700,27.4100,27.6700,972515
2016-05-23,27.4600,27.7100,27.3600,27.4300,686524
2016-05-20,27.4800,27.7000,27.2500,27.5000,1040911
2016-05-19,27.5600,27.6900,26.9700,27.3600,1649314
2016-05-18,26.9500,27.8700,26.7700,27.6500,2868965
2016-05-17,27.0500,27.1800,26.8050,26.9400,1125246
2016-05-16,26.9100,27.2050,26.8500,27.0900,1488215
2016-05-13,27.0000,27.1550,26.7300,26.9000,1023619
2016-05-12,27.4000,27.4000,26.8400,26.9600,1678714
2016-05-11,27.0100,27.4000,26.9500,27.2600,2859199
2016-05-10,26.8000,27.0750,26.7700,27.0400,2750840
2016-05-09,26.8000,27.1200,26.2350,26.8900,3383408
2016-05-06,26.5500,27.3800,26.4400,27.1400,2609163
2016-05-05,26.6300,26.7400,26.1100,26.1700,1751285
2016-05-04,26.5400,26.8000,26.2800,26.5100,1857331
2016-05-03,26.5000,26.8200,26.3500,26.6100,1812439
2016-05-02,26.0000,26.7750,25.6500,26.6400,1787063
2016-04-29,25.7200,26.1300,25.4500,25.9600,1662727
2016-04-28,25.8500,26.1000,25.6500,25.8000,1296665
2016-04-27,26.3200,26.4600,25.9500,26.0000,1240247
2016-04-26,26.0000,26.3900,25.9000,26.2700,1303539
2016-04-25,25.9800,26.0700,25.8400,26.0500,1003014
2016-04-22,25.4000,26.1000,25.1900,26.0100,1323140
2016-04-21,25.8400,26.0000,25.2701,25.4100,1149437
2016-04-20,25.6100,26.1200,25.3700,25.7000,1607989
2016-04-19,24.9500,25.3300,24.8400,25.3300,1702474
2016-04-18,24.4500,24.9700,24.3900,24.9400,1440979
2016-04-15,24.5100,24.8500,24.3500,24.5200,1284878
2016-04-14,24.7300,24.7900,24.2600,24.5500,1743693
2016-04-13,24.7500,24.9700,24.5900,24.7100,1318630
2016-04-12,24.6500,25.0600,24.4800,24.6800,1541117
2016-04-11,25.0600,25.0600,24.7000,24.7300,955938
2016-04-08,24.7400,25.0300,24.5500,24.9800,1634679
2016-04-07,24.5100,25.0000,24.3800,24.6100,2014588
2016-04-06,24.2400,24.6300,23.9700,24.6300,640673
2016-04-05,24.3700,24.4700,24.0800,24.2000,923857
2016-04-04,24.3300,24.6550,23.9100,24.5200,1006757
2016-04-01,23.9900,24.4100,23.6800,24.2900,1462197
2016-03-31,24.2800,24.3700,23.9800,24.2400,986799
2016-03-30,24.3800,24.5601,24.0500,24.2800,871803
2016-03-29,23.6100,24.2700,23.3200,24.2300,1378163
2016-03-28,23.6300,23.7600,23.2500,23.6900,1121459
2016-03-24,23.7400,23.8600,23.3800,23.5700,931532
2016-03-23,24.0000,24.0700,23.6700,23.9100,1095115
2016-03-22,24.2300,24.3300,23.9700,24.1900,785963
2016-03-21,24.4100,24.5700,24.1100,24.3200,860345
2016-03-18,24.6200,24.8600,24.4400,24.4500,4666697
2016-03-17,24.5400,24.7400,24.3800,24.6100,1007123
2016-03-16,24.3100,24.5400,23.8700,24.4700,861313
2016-03-15,24.5400,24.9800,24.3700,24.5700,1189935
2016-03-14,24.7800,25.0050,24.5700,24.6800,1238760
2016-03-11,24.5000,25.0300,24.4300,25.0100,1728767
2016-03-10,24.4800,24.7400,24.2550,24.4000,1309209
2016-03-09,24.3700,24.5700,24.1700,24.4700,1280692
2016-03-08,24.5100,24.6900,24.0700,24.2700,1230487
2016-03-07,24.0400,24.8300,24.0000,24.7400,1381463
2016-03-04,24.3100,24.4600,23.8400,24.1800,1141363
2016-03-03,24.3000,24.7500,24.2000,24.2600,1484035
2016-03-02,23.9200,24.3500,23.6800,24.2900,2359326
2016-03-01,23.8500,24.1150,23.8100,23.9200,1880029
2016-02-29,23.6900,23.9500,23.4200,23.6800,1112440
2016-02-26,23.8800,23.9600,23.3600,23.6900,1697448
2016-02-25,23.8600,24.1500,23.5200,23.8000,1114730
2016-02-24,23.4400,23.8200,23.2700,23.7300,1273055
2016-02-23,23.4500,23.6800,23.2000,23.6100,972204
2016-02-22,23.7100,23.7900,22.7200,23.4500,2159564
2016-02-19,23.5900,23.7500,23.4400,23.5100,990075
2016-02-18,23.7500,24.0600,23.6200,23.8000,1887369
2016-02-17,23.2200,24.0600,23.0800,23.6300,1718464
2016-02-16,22.0200,23.2600,22.0200,23.2200,2864111
2016-02-12,21.6900,22.5900,19.5900,21.8900,6663899
2016-02-11,22.5900,23.7000,22.3600,23.1100,2249186
2016-02-10,22.0000,23.2500,21.8600,22.9800,1739428
2016-02-09,21.7800,22.9100,21.1900,21.8900,3044383
2016-02-08,24.3200,24.5376,22.1300,22.2500,2255662
2016-02-05,25.2800,25.3900,24.2950,24.5900,1951491
2016-02-04,24.6200,25.3700,24.4150,25.2600,2330376
2016-02-03,25.1700,25.1700,24.2300,24.6200,1522048
2016-02-02,25.3000,25.6000,24.8600,24.9500,1226772
2016-02-01,24.9000,25.6700,24.7050,25.4900,749862
2016-01-29,24.2100,25.0550,24.1600,25.0200,992343
2016-01-28,24.4900,24.5600,23.8500,24.0100,741563
2016-01-27,24.3500,24.4100,23.9100,24.2300,866894
2016-01-26,24.5200,24.7300,23.9700,24.3200,689058
2016-01-25,24.5700,24.7700,24.3400,24.4400,774372
2016-01-22,24.5800,24.9200,24.3100,24.6100,1393090
2016-01-21,24.6000,24.9400,24.1200,24.2200,1304406
2016-01-20,24.4300,24.7700,23.6700,24.5300,1946718
2016-01-19,25.2000,25.2900,24.5224,24.7300,1057158
2016-01-15,24.4300,25.0000,23.7500,24.9300,1442105
2016-01-14,24.6700,25.1000,24.1300,24.9500,1062295
2016-01-13,25.7700,25.8700,24.0900,24.6300,1570908
2016-01-12,25.9200,26.0900,25.4800,25.6800,1309028
2016-01-11,25.9000,26.0900,25.4100,25.6600,947617
2016-01-08,25.9900,26.5000,25.6550,25.7500,1376280
2016-01-07,26.6200,26.6800,25.5200,25.7500,1711145
2016-01-06,26.6700,27.1000,26.6700,27.0000,2274863
2016-01-05,26.5200,26.9500,26.4200,26.9300,2054931
2016-01-04,26.1900,26.6000,26.0800,26.5300,1460860
2015-12-31,25.8400,26.6500,25.7700,26.5900,1166418
2015-12-30,26.4600,26.5300,25.8200,25.8800,1233546
2015-12-29,26.2000,26.5000,26.0700,26.4400,1192652
2015-12-28,25.6900,26.4200,25.0700,26.0000,2176134
2015-12-24,26.5900,26.6300,26.3901,26.4500,416566
2015-12-23,26.7300,26.7300,26.4400,26.6000,1539980
2015-12-22,26.4400,26.6700,26.2650,26.6200,3147875
2015-12-21,26.6100,26.6100,26.0800,26.2300,2127250
2015-12-18,26.1600,26.5800,25.9200,26.5000,1583766
2015-12-17,26.6400,26.8700,25.9100,26.3800,5562312
2015-12-16,27.3800,27.7400,27.2300,27.3900,3207289
2015-12-15,26.5900,27.2000,26.5300,27.0600,2355264
2015-12-14,26.3000,26.6350,26.2900,26.5300,2333680
2015-12-11,26.4300,26.6700,26.1000,26.2200,2441304
2015-12-10,26.1900,26.7500,26.0100,26.6700,2654874
2015-12-09,25.2800,26.0900,25.2700,26.0600,3149933
2015-12-08,25.9600,26.2500,25.0000,25.4000,4335571
2015-12-07,24.4200,25.0700,24.2950,24.8800,2466232
2015-12-04,24.1300,24.4300,24.0300,24.4300,1372504
2015-12-03,24.3600,24.4500,23.8200,23.9800,1628614
2015-12-02,24.0700,24.3500,23.5700,24.2900,3128474
2015-12-01,24.4200,24.5050,24.0700,24.4100,1796398
2015-11-30,24.3000,24.9600,24.2200,24.3000,1676924
2015-11-27,24.0800,24.2300,23.0000,24.0400,577600
2015-11-25,23.9700,24.4700,23.9500,24.1400,1107431
2015-11-24,23.9300,24.0300,23.4300,24.0200,1782900
2015-11-23,23.5400,23.9400,23.3500,23.9300,2861980
2015-11-20,23.4100,23.8900,23.2200,23.3600,1805919
2015-11-19,23.3500,23.9400,23.2500,23.4500,2118462
2015-11-18,24.0600,24.4500,23.7600,24.4300,1191020
2015-11-17,23.2000,24.1700,23.0000,23.9100,3218262
2015-11-16,22.5100,24.0500,21.8900,23.9200,3293258
2015-11-13,24.0100,24.1250,22.5000,22.8100,2472863
2015-11-12,24.5700,24.7900,24.1600,24.2300,1355085
2015-11-11,23.4600,25.2300,23.4600,24.8300,1745461
2015-11-10,23.5000,24.5900,23.1200,24.5200,3550536
2015-11-09,26.0400,26.1600,25.7400,25.7900,1213694
2015-11-06,26.4700,26.5300,25.8100,26.1100,506005
2015-11-05,26.3700,26.6300,26.2400,26.5400,511368
2015-11-04,26.6300,26.6300,26.1400,26.2100,578723
2015-11-03,26.6400,26.9300,26.4700,26.5600,771416
2015-11-02,26.5000,26.8000,26.2100,26.7600,650469
2015-10-30,26.5100,26.6300,26.1100,26.5300,549148
2015-10-29,26.6300,26.8100,26.1900,26.5500,447416
2015-10-28,25.9100,26.8100,25.9100,26.6900,1144407
2015-10-27,25.8900,26.1000,25.6500,25.8000,554156
2015-10-26,25.5300,26.1000,25.5200,25.9900,447160
2015-10-23,25.9000,25.9000,25.2700,25.6600,640367
2015-10-22,24.9900,25.8300,24.9500,25.7800,678319
2015-10-21,25.3500,25.4200,24.7900,24.8800,775348
2015-10-20,25.2300,25.3400,25.0900,25.2700,633228
2015-10-19,25.2000,25.3700,24.8300,25.2000,576226
2015-10-16,25.3700,25.6100,25.0100,25.1900,396131
2015-10-15,24.7400,25.3300,24.5600,25.3000,1004156
2015-10-14,24.5600,24.9100,24.5100,24.6200,794551
2015-10-13,24.8400,25.1800,24.6900,25.0700,868170
2015-10-12,24.4600,25.0000,24.2100,24.8300,751878
2015-10-09,24.9200,24.9980,24.3700,24.4700,615058
2015-10-08,24.9600,25.0300,24.6000,24.8700,612141
2015-10-07,24.9400,25.1320,24.5000,25.0500,1236812
2015-10-06,25.4000,25.8800,24.7500,24.8200,688002
2015-10-05,25.1700,25.4100,24.9200,25.4000,1021458
2015-10-02,24.8900,25.1600,24.6500,25.1600,496041
2015-10-01,25.3900,25.4400,24.8200,25.0400,666722
2015-09-30,24.9500,25.4200,24.8100,25.3600,754620
2015-09-29,25.4000,25.4000,24.6500,24.7900,1149490
2015-09-28,25.9700,26.0700,25.4400,25.4400,885769
2015-09-25,26.7000,26.7100,25.7700,26.0600,1089454
2015-09-24,26.0500,26.7000,26.0100,26.6300,1676057
2015-09-23,26.2200,26.2400,25.4600,26.1200,2307396
2015-09-22,24.9500,26.9000,24.0000,26.4700,2260102
2015-09-21,28.6300,28.6300,27.0200,27.2700,1551974
2015-09-18,29.0700,29.4500,28.2700,28.9000,2212535
2015-09-17,28.7100,29.6000,28.4900,29.1700,1421984
2015-09-16,28.7800,28.8600,28.3700,28.6200,572630
2015-09-15,28.2100,28.9300,27.8800,28.7500,373278
2015-09-14,28.3600,28.3600,27.7200,27.9300,432599
2015-09-11,28.2800,28.4280,27.8100,28.0700,632709
2015-09-10,28.3400,28.7800,28.2100,28.4000,1028309
2015-09-09,29.2900,29.4100,28.1900,28.3600,776701
2015-09-08,28.8600,29.2100,28.5900,29.0400,1078201
2015-09-04,28.0900,28.5300,28.0550,28.4000,434328
2015-09-03,28.0000,28.5100,27.8500,28.4800,796551
2015-09-02,27.2400,27.9300,26.8000,27.9100,559441
2015-09-01,27.3200,27.7200,26.8500,27.0800,931425
2015-08-31,27.8700,28.0900,27.5800,27.9700,574957
2015-08-28,27.9900,28.5700,27.6200,28.1200,560575
2015-08-27,27.3500,28.1800,27.0340,28.1500,624147
2015-08-26,26.5000,27.5500,26.2500,27.4800,740832
2015-08-25,27.3400,27.4800,26.1000,26.1000,602127
2015-08-24,26.3800,27.7200,25.4520,26.5300,915606
2015-08-21,28.0300,28.3900,27.4500,27.8100,713687
2015-08-20,28.6700,28.6800,28.1950,28.2400,529654
2015-08-19,29.2100,29.2100,28.4700,28.8300,585808
2015-08-18,29.3600,29.4800,29.1900,29.2400,336630
2015-08-17,28.9600,29.6200,28.9000,29.4300,572790
2015-08-14,28.8300,29.2800,28.8300,29.2400,466692
2015-08-13,28.7600,29.2400,28.5800,29.0000,731286
2015-08-12,27.9200,28.5800,27.7900,28.5500,569559
2015-08-11,28.3000,28.6900,27.9200,28.1300,1805049
2015-08-10,27.6400,28.5300,27.6400,28.5200,569973
2015-08-07,27.2400,27.7800,27.1600,27.5200,463013
2015-08-06,28.0100,28.0800,27.1000,27.3700,503145
2015-08-05,27.2900,28.2200,27.0300,27.9000,844141
2015-08-04,27.5400,28.2200,27.2900,27.4900,1209695
2015-08-03,26.6400,27.6100,26.6400,27.5700,1437819
2015-07-31,26.4400,26.9700,26.3300,26.7000,817446
2015-07-30,26.0100,26.4900,25.9200,26.3100,569226
2015-07-29,25.8700,26.0500,25.4900,26.0000,604173
2015-07-28,25.7300,25.9500,25.5400,25.8600,754884
2015-07-27,26.0000,26.0000,25.5000,25.6500,886614
2015-07-24,25.8600,26.1400,25.7300,26.0800,792481
2015-07-23,25.3700,25.9700,25.3314,25.7500,905223
2015-07-22,25.0100,25.2100,24.9700,25.1800,885066
2015-07-21,25.0600,25.2400,24.9950,25.1600,745358
2015-07-20,24.7900,25.1700,24.7600,25.1000,497355
2015-07-17,24.5300,25.0000,24.3800,24.9000,882671
2015-07-16,24.5000,24.7500,24.3900,24.4800,961460
2015-07-15,24.8100,24.9300,24.3507,24.4600,1068277
2015-07-14,24.5500,24.8500,24.4300,24.8300,613392
2015-07-13,24.5300,24.5700,24.1600,24.3800,886011
2015-07-10,24.5800,24.6600,24.2900,24.3800,633860
2015-07-09,24.6000,24.9800,24.2600,24.2700,1244784
2015-07-08,24.4700,24.5850,23.9100,23.9400,1076128
2015-07-07,24.9400,24.9400,24.1901,24.7000,906543
2015-07-06,25.3000,25.3100,24.7600,24.9100,1396297
2015-07-02,25.4500,25.5450,25.2500,25.3800,990555
2015-07-01,25.9000,25.9850,25.1800,25.5100,1278280
2015-06-30,26.4200,26.4300,25.6600,25.7200,1489372
2015-06-29,27.0400,27.1000,26.0400,26.1100,1271025
2015-06-26,27.7700,28.0200,27.0300,27.3000,6590211
2015-06-25,27.8100,27.9100,27.7150,27.8100,959905
2015-06-24,28.3600,28.3700,27.5600,27.8000,1249974
2015-06-23,28.3300,28.5800,28.2950,28.3500,925640
2015-06-22,27.9700,28.7400,27.8460,28.5400,1608413
2015-06-19,28.4000,28.6400,27.9600,28.0400,4088538
2015-06-18,28.3800,28.8600,28.2900,28.5200,1498675
2015-06-17,28.0600,28.5000,27.9920,28.4400,1279722
2015-06-16,28.1000,28.4000,27.9100,28.0900,2203573
2015-06-15,27.0400,28.7500,26.8401,28.5000,3326665
2015-06-12,26.7700,27.0700,26.7000,27.0000,947416
2015-06-11,26.4400,27.0100,26.3500,26.9300,881355
2015-06-10,25.8700,26.4400,25.7800,26.4300,1508920
2015-06-09,25.4600,25.9500,25.2500,25.8700,1253956
2015-06-08,25.9500,25.9700,25.3900,25.4200,1242441
2015-06-05,26.2200,26.4900,25.9700,26.1300,744826
2015-06-04,26.0500,26.3900,26.0100,26.3500,419354
2015-06-03,26.0000,26.1500,25.7100,26.1300,670378
2015-06-02,26.2500,26.3800,26.0000,26.0700,438714
2015-06-01,26.3700,26.3800,25.8200,26.2700,423183
2015-05-29,26.5200,26.7400,26.2700,26.2900,894472
2015-05-28,26.4300,26.5600,26.2000,26.5100,678223
2015-05-27,26.2100,26.5100,26.0000,26.5100,741577
2015-05-26,26.2700,26.4450,25.9200,26.2600,548371
2015-05-22,26.0400,26.5000,26.0400,26.3700,561858
2015-05-21,26.0000,26.2400,25.8800,26.0200,500404
2015-05-20,26.1000,26.2994,26.0200,26.1100,549949
2015-05-19,26.7500,26.8100,25.7400,25.9600,576070
2015-05-18,26.5000,27.0200,26.4000,26.8300,1417805
2015-05-15,25.0100,25.7000,24.4800,25.7000,3880584
2015-05-14,26.2600,26.5400,25.0900,25.9400,1791469
2015-05-13,27.4800,28.5000,26.0800,26.2200,3118783
2015-05-12,27.7000,28.1200,27.6900,28.0200,841173
2015-05-11,27.7800,28.1100,27.7500,27.9900,418596
2015-05-08,27.6300,27.8900,27.5060,27.8200,290820
2015-05-07,27.6200,28.0700,27.4200,27.4500,580802
2015-05-06,27.7700,27.8000,27.3900,27.6100,318612
2015-05-05,27.9800,28.0700,27.0400,27.7500,638181
2015-05-04,27.5100,28.1600,27.3200,28.0700,899734
2015-05-01,27.2100,27.7900,27.1000,27.2600,868507
2015-04-30,27.0100,27.0500,26.2000,26.5500,1317429
2015-04-29,27.0500,27.3100,26.8600,27.0400,410927
2015-04-28,26.7500,27.4400,26.7500,27.2900,645965
2015-04-27,27.2700,27.2850,26.8700,26.9000,406537
2015-04-24,27.1600,27.3200,26.8400,27.2000,432645
2015-04-23,27.1800,27.5400,27.0400,27.2500,376730
2015-04-22,27.1200,27.4501,26.8303,27.2400,543154
2015-04-21,27.7300,27.7800,27.1600,27.3200,382162
2015-04-20,27.7800,27.8240,27.4900,27.6600,243800
2015-04-17,28.3100,28.3100,27.4700,27.6300,631433
2015-04-16,28.2000,28.7500,28.0200,28.5000,1100574
2015-04-15,27.8800,28.3400,27.7300,28.2500,467042
2015-04-14,27.3700,27.7200,27.3140,27.7200,263366
2015-04-13,27.7400,27.9200,27.3000,27.3400,791545
2015-04-10,27.4500,27.9700,27.4500,27.6700,369461
2015-04-09,27.3100,27.6195,27.2500,27.4600,483746
2015-04-08,27.4200,27.6500,27.1100,27.3200,193213
2015-04-07,27.3500,27.7700,27.3500,27.4500,160755
2015-04-06,27.4300,27.7500,27.2200,27.3700,315817
2015-04-02,27.8300,27.8700,27.5400,27.6800,482061
2015-04-01,27.8600,27.9200,27.3050,27.8900,371239
2015-03-31,27.9100,28.0100,27.1900,27.9600,465017
2015-03-30,27.7300,28.1400,27.4400,28.0300,844871
2015-03-27,28.1200,28.5000,26.8501,27.4000,1409192
2015-03-26,27.2200,27.4600,26.6300,26.9300,662235
2015-03-25,28.2200,28.2800,26.9700,27.3500,734408
2015-03-24,28.5000,28.6300,27.9900,28.2100,706685
2015-03-23,28.5000,28.7000,28.2900,28.5000,661681
2015-03-20,28.2100,28.4500,27.9230,28.3100,422547
2015-03-19,27.6100,28.4000,27.4800,28.0100,1033939
2015-03-18,27.1700,27.7100,27.1000,27.6200,1089163
2015-03-17,27.2100,27.2499,26.6200,27.1100,712475
2015-03-16,27.5100,27.7000,27.1600,27.2800,570790
2015-03-13,27.3500,27.7500,27.1000,27.4200,1082230
2015-03-12,27.3700,27.6800,26.7900,27.4000,8081017
2015-03-11,28.0000,28.1000,27.2900,27.5600,708638
2015-03-10,26.0500,28.2400,25.7000,28.1000,869330
2015-03-09,26.3200,26.4200,25.5650,26.2900,395702
2015-03-06,26.8000,26.8200,26.0100,26.2600,434684
2015-03-05,27.5700,27.9800,26.7700,26.8200,374659
2015-03-04,28.6600,28.6800,27.2600,27.7700,573029
2015-03-03,29.3800,29.3800,28.5300,28.9100,191455
2015-03-02,29.3700,29.6900,29.0503,29.3800,180063
2015-02-27,28.6500,29.3000,28.6400,29.2600,124262
2015-02-26,28.9900,29.3000,28.3000,28.7200,195710
2015-02-25,29.0000,29.6600,28.6400,28.9600,194907
2015-02-24,29.9600,30.2780,29.4300,29.7500,110399
2015-02-23,30.9400,30.9400,29.7400,29.9700,317369
2015-02-20,30.0000,30.8000,29.8100,30.4900,294075
2015-02-19,29.9200,30.0000,29.6200,29.9500,152025
2015-02-18,29.0200,30.1900,29.0200,29.9500,334340
2015-02-17,28.7400,29.1000,28.0200,29.0200,364087
2015-02-13,28.2200,29.2900,27.9720,29.2300,379223
2015-02-12,27.6900,28.3500,27.3500,28.2500,370459
2015-02-11,28.8900,28.9600,27.0300,27.4700,370443
2015-02-10,29.2900,29.3600,28.8600,29.0000,215866
2015-02-09,29.3500,29.5800,28.8401,29.0300,92767
2015-02-06,29.3500,29.7500,29.0600,29.3800,135812
2015-02-05,29.5300,29.8800,29.2100,29.4600,242056
2015-02-04,28.9700,29.5700,28.7200,29.3700,349830
2015-02-03,27.7400,28.9700,27.6800,28.9500,299358
2015-02-02,27.8500,28.0500,27.3800,27.7800,288988
2015-01-30,27.8100,27.9800,27.4900,27.7500,949206
2015-01-29,27.5100,28.0800,27.4301,28.0100,181929
2015-01-28,28.0000,28.1200,27.4200,27.5600,122764
2015-01-27,27.6000,28.0900,27.2700,28.0300,243159
2015-01-26,27.4200,27.8900,27.2900,27.8000,279655
2015-01-23,26.8400,27.7500,26.8300,27.3900,195224
2015-01-22,27.4800,28.0800,26.5600,26.9500,518886
2015-01-21,28.6100,28.6100,27.3200,27.4300,299490
2015-01-20,29.5000,29.5000,28.3700,28.6700,251908
2015-01-16,30.0600,30.3000,29.7900,29.8900,373080
2015-01-15,30.6600,30.6600,29.8300,30.1600,320366
2015-01-14,29.6300,30.6700,29.1600,30.2200,241712
2015-01-13,29.8100,30.1100,29.5793,29.8600,262638
2015-01-12,29.7500,29.8300,29.3300,29.6200,160342
2015-01-09,29.6200,29.8000,29.4000,29.6600,309558
2015-01-08,29.3400,30.2570,29.2080,29.6000,329205
2015-01-07,29.4100,29.6000,28.8600,29.1500,467864
2015-01-06,29.4100,29.6600,28.7500,29.1300,366362
2015-01-05,30.6300,30.6300,29.0300,29.3700,349993
2015-01-02,30.8300,31.2000,30.4200,30.6700,304837
2014-12-31,31.0600,31.2200,30.4100,30.5700,236656
2014-12-30,32.0300,32.1100,30.6100,30.9500,195178
2014-12-29,31.2300,32.1800,30.3900,32.0300,271342
2014-12-26,31.6500,31.9999,29.5000,31.3500,431836
2014-12-24,31.3700,32.0900,31.1500,31.4800,165019
2014-12-23,30.0400,31.3500,29.5500,31.2000,308215
2014-12-22,29.4300,29.7700,28.5600,29.7400,194580
2014-12-19,28.9500,29.5900,28.6300,29.2000,1585332
2014-12-18,29.1700,29.6000,28.4300,28.8900,713824
2014-12-17,28.0900,29.0000,27.6100,28.7000,489793
2014-12-16,28.2200,28.6599,27.0600,28.0300,1017018
2014-12-15,29.3000,29.7850,27.9500,28.1500,839549
2014-12-12,29.9800,30.1500,28.0300,28.9700,959936
2014-12-11,30.2000,31.2300,29.5000,30.5700,677586
2014-12-10,28.4700,29.6900,28.3500,29.2000,1202551
2014-12-09,26.5200,28.7700,26.5200,28.3900,783743
2014-12-08,26.9300,27.2900,26.5000,26.7300,892852
2014-12-05,26.9900,27.1600,26.5000,26.7800,418115
2014-12-04,27.1900,27.4800,26.4000,26.9100,590405
2014-12-03,26.8800,27.4100,26.5000,27.1500,702671
2014-12-02,26.9000,26.9725,26.0000,26.9000,560477
2014-12-01,27.8000,27.8000,25.8200,26.8400,588767
2014-11-28,27.4100,27.6200,26.6307,27.4900,335488
2014-11-26,26.5100,27.3500,25.4800,27.0000,2130952
2014-11-25,25.8900,28.1100,24.4280,25.5400,1461457
2014-11-24,26.3700,26.5000,25.0600,25.5400,842166
2014-11-21,23.8300,25.2800,23.7000,25.0400,994203
2014-11-20,23.5100,24.8900,23.2512,24.0400,251390
2014-11-19,23.7300,23.8100,23.5010,23.7800,154254
2014-11-18,23.6900,23.9800,23.5100,23.8300,197852
2014-11-17,23.7100,23.7200,23.6100,23.7000,220424
2014-11-14,23.6500,23.8300,23.1000,23.8200,179597
2014-11-13,23.1900,24.2000,23.1900,23.7300,70334
2014-11-12,23.0300,23.7900,23.0201,23.2600,121121
2014-11-11,23.2300,23.4500,22.6200,23.1900,325175
2014-11-10,23.7300,23.8600,23.3820,23.5200,384112
2014-11-07,23.8100,23.8100,23.0400,23.5900,310768
2014-11-06,24.0100,24.2600,23.5000,23.5800,169974
2014-11-05,23.8800,24.2100,23.5800,24.0400,132592
2014-11-04,24.3100,24.3100,23.2600,23.7300,282437
2014-11-03,23.4400,23.9900,23.2900,23.8700,310389
2014-10-31,23.6700,23.9200,23.2600,23.4100,291979
2014-10-30,23.4000,23.5000,23.2500,23.3600,107635
2014-10-29,23.1900,23.5500,22.9600,23.4000,337357
2014-10-28,23.3000,23.3000,22.5100,22.7500,177918
2014-10-27,22.7500,23.2000,22.7500,23.0200,183512
2014-10-24,22.7700,23.1000,22.6000,22.8700,402237
2014-10-23,22.7500,22.8800,22.4200,22.7500,568676
2014-10-22,22.0000,22.4700,21.8700,22.3400,491171
2014-10-21,22.2000,22.5000,22.0500,22.1000,344564
2014-10-20,21.9400,22.9000,21.8700,22.2000,512036
2014-10-17,21.5100,22.8500,21.2100,22.0000,8178604
